; James Keary - FROM THE HEADER FILE!
; General Midi Testing File - Write out Midi files for loading into a DAW, 
; can open output midi file (located in your username file) in Sibelius, 
; Finale, and Logic.  If opening in Finale, make sure to check the box 
; \"Channels Become Staves\" under import midi file options, so that the 
; channels will be split into different instruments. 
<CsoundSynthesizer>
<CsOptions>
-t60 -g -d -m0 -n
; -m0 suppresses f-tables displaying in terminal, --nosound no sound files 
; written, just a midi file written to your username file. 
</CsOptions>
<CsInstruments>

sr		=	44100
ksmps	=	100
nchnls	=	2
0dbfs	= 	1

#include "../CsoundFiles/Chromatic.txt"
;
#include "../CsoundFiles/MIDI.txt"
;
giVelocities ftgen 0, 0, -8, -2, 87, 88, 89, 90, 91, 92, 93, 94

$MIDI(1)
$MIDI(2)
$MIDI(3)
$MIDI(4)

</CsInstruments>
<CsScore>
; p1 - instrument, p2 - start time, p3 - duration, p4 - note index, p5 - velocity, p6 - channel number p7 - pan (btwn 0 and 127, where 64 is dead center, 0 is hard left and 127 is hard right)
i1 0.000000 12.000000 17 1 1 1
i1 0.000000 12.000000 18 1 1 1
i1 0.000000 12.000000 18 1 1 1
i1 0.000000 12.000000 19 1 1 1
i1 0.000000 12.000000 19 1 1 1
i1 0.000000 12.000000 20 1 1 1
i1 0.000000 12.000000 20 1 1 1
i1 0.000000 12.000000 21 1 1 1
i1 0.000000 12.000000 21 1 1 1
i1 0.000000 12.000000 22 1 1 1
i1 0.000000 12.000000 22 1 1 1
i1 0.000000 12.000000 24 1 1 1
i1 0.000000 12.000000 17 1 1 3
i1 0.000000 12.000000 17 1 1 3
i1 0.000000 12.000000 18 1 1 3
i1 0.000000 12.000000 18 1 1 3
i1 0.000000 12.000000 19 1 1 3
i1 0.000000 12.000000 19 1 1 3
i1 0.000000 12.000000 20 1 1 3
i1 0.000000 12.000000 20 1 1 3
i1 0.000000 12.000000 21 1 1 3
i1 0.000000 12.000000 21 1 1 3
i1 0.000000 12.000000 22 1 1 3
i1 0.000000 12.000000 22 1 1 3
i1 0.000000 12.000000 23 1 1 3
i1 0.000000 12.000000 23 1 1 3
i1 0.000000 12.000000 24 1 1 3
i1 0.000000 12.000000 24 1 1 3
i1 0.000000 12.000000 25 1 1 3
i1 0.000000 12.000000 25 1 1 3
i1 0.000000 12.000000 26 1 1 3
i1 0.000000 12.000000 16 1 1 5
i1 0.000000 12.000000 17 1 1 5
i1 0.000000 12.000000 17 1 1 5
i1 0.000000 12.000000 18 1 1 5
i1 0.000000 12.000000 18 1 1 5
i1 0.000000 12.000000 19 1 1 5
i1 0.000000 12.000000 19 1 1 5
i1 0.000000 12.000000 20 1 1 5
i1 0.000000 12.000000 20 1 1 5
i1 0.000000 12.000000 21 1 1 5
i1 0.000000 12.000000 21 1 1 5
i1 0.000000 12.000000 22 1 1 5
i1 0.000000 12.000000 22 1 1 5
i1 0.000000 12.000000 23 1 1 5
i1 0.000000 12.000000 23 1 1 5
i1 0.000000 12.000000 24 1 1 5
i1 0.000000 12.000000 24 1 1 5
i1 0.000000 12.000000 25 1 1 5
i1 0.000000 12.000000 25 1 1 5
i1 0.000000 12.000000 26 1 1 5
i1 0.000000 12.000000 26 1 1 5
i1 0.000000 12.000000 27 1 1 5
i1 0.000000 12.000000 13 1 1 7
i1 0.000000 12.000000 14 1 1 7
i1 0.000000 12.000000 14 1 1 7
i1 0.000000 12.000000 15 1 1 7
i1 0.000000 12.000000 15 1 1 7
i1 0.000000 12.000000 16 1 1 7
i1 0.000000 12.000000 16 1 1 7
i1 0.000000 12.000000 17 1 1 7
i1 0.000000 12.000000 17 1 1 7
i1 0.000000 12.000000 18 1 1 7
i1 0.000000 12.000000 18 1 1 7
i1 0.000000 12.000000 19 1 1 7
i1 0.000000 12.000000 19 1 1 7
i1 0.000000 12.000000 20 1 1 7
i1 0.000000 12.000000 20 1 1 7
i1 0.000000 12.000000 21 1 1 7
i1 0.000000 12.000000 21 1 1 7
i1 0.000000 12.000000 22 1 1 7
i1 0.000000 12.000000 22 1 1 7
i1 0.000000 12.000000 23 1 1 7
i1 0.000000 12.000000 23 1 1 7
i1 0.000000 12.000000 24 1 1 7
i1 0.000000 12.000000 24 1 1 7
i1 0.000000 12.000000 25 1 1 7
i1 0.000000 12.000000 25 1 1 7
i1 0.000000 12.000000 26 1 1 7
i1 0.000000 12.000000 26 1 1 7
i1 0.000000 12.000000 27 1 1 7
i1 0.000000 12.000000 27 1 1 7
i1 0.000000 12.000000 13 1 1 9
i1 0.000000 12.000000 13 1 1 9
i1 0.000000 12.000000 14 1 1 9
i1 0.000000 12.000000 14 1 1 9
i1 0.000000 12.000000 15 1 1 9
i1 0.000000 12.000000 15 1 1 9
i1 0.000000 12.000000 16 1 1 9
i1 0.000000 12.000000 16 1 1 9
i1 0.000000 12.000000 17 1 1 9
i1 0.000000 12.000000 17 1 1 9
i1 0.000000 12.000000 18 1 1 9
i1 0.000000 12.000000 18 1 1 9
i1 0.000000 12.000000 19 1 1 9
i1 0.000000 12.000000 19 1 1 9
i1 0.000000 12.000000 20 1 1 9
i1 0.000000 12.000000 20 1 1 9
i1 0.000000 12.000000 21 1 1 9
i1 0.000000 12.000000 21 1 1 9
i1 0.000000 12.000000 22 1 1 9
i1 0.000000 12.000000 23 1 1 9
i1 0.000000 12.000000 23 1 1 9
i1 0.000000 12.000000 24 1 1 9
i1 0.000000 12.000000 24 1 1 9
i1 0.000000 12.000000 25 1 1 9
i1 0.000000 12.000000 25 1 1 9
i1 0.000000 12.000000 26 1 1 9
i1 0.000000 12.000000 26 1 1 9
i1 0.000000 12.000000 27 1 1 9
i1 0.000000 12.000000 27 1 1 9
i1 0.000000 12.000000 28 1 1 9
i1 0.000000 12.000000 12 1 1 11
i1 0.000000 12.000000 12 1 1 11
i1 0.000000 12.000000 13 1 1 11
i1 0.000000 12.000000 13 1 1 11
i1 0.000000 12.000000 14 1 1 11
i1 0.000000 12.000000 14 1 1 11
i1 0.000000 12.000000 15 1 1 11
i1 0.000000 12.000000 16 1 1 11
i1 0.000000 12.000000 16 1 1 11
i1 0.000000 12.000000 17 1 1 11
i1 0.000000 12.000000 17 1 1 11
i1 0.000000 12.000000 18 1 1 11
i1 0.000000 12.000000 18 1 1 11
i1 0.000000 12.000000 19 1 1 11
i1 0.000000 12.000000 19 1 1 11
i1 0.000000 12.000000 20 1 1 11
i1 0.000000 12.000000 20 1 1 11
i1 0.000000 12.000000 21 1 1 11
i1 0.000000 12.000000 22 1 1 11
i1 0.000000 12.000000 23 1 1 11
i1 0.000000 12.000000 23 1 1 11
i1 0.000000 12.000000 24 1 1 11
i1 0.000000 12.000000 24 1 1 11
i1 0.000000 12.000000 25 1 1 11
i1 0.000000 12.000000 25 1 1 11
i1 0.000000 12.000000 26 1 1 11
i1 0.000000 12.000000 26 1 1 11
i1 0.000000 12.000000 27 1 1 11
i1 0.000000 12.000000 27 1 1 11
i1 0.000000 12.000000 28 1 1 11
i1 0.000000 12.000000 28 1 1 11
i1 0.000000 12.000000 9 1 1 13
i1 0.000000 12.000000 11 1 1 13
i1 0.000000 12.000000 11 1 1 13
i1 0.000000 12.000000 12 1 1 13
i1 0.000000 12.000000 12 1 1 13
i1 0.000000 12.000000 13 1 1 13
i1 0.000000 12.000000 13 1 1 13
i1 0.000000 12.000000 14 1 1 13
i1 0.000000 12.000000 14 1 1 13
i1 0.000000 12.000000 16 1 1 13
i1 0.000000 12.000000 16 1 1 13
i1 0.000000 12.000000 17 1 1 13
i1 0.000000 12.000000 17 1 1 13
i1 0.000000 12.000000 18 1 1 13
i1 0.000000 12.000000 18 1 1 13
i1 0.000000 12.000000 19 1 1 13
i1 0.000000 12.000000 19 1 1 13
i1 0.000000 12.000000 20 1 1 13
i1 0.000000 12.000000 20 1 1 13
i1 0.000000 12.000000 21 1 1 13
i1 0.000000 12.000000 21 1 1 13
i1 0.000000 12.000000 22 1 1 13
i1 0.000000 12.000000 22 1 1 13
i1 0.000000 12.000000 23 1 1 13
i1 0.000000 12.000000 23 1 1 13
i1 0.000000 12.000000 24 1 1 13
i1 0.000000 12.000000 24 1 1 13
i1 0.000000 12.000000 25 1 1 13
i1 0.000000 12.000000 25 1 1 13
i1 0.000000 12.000000 26 1 1 13
i1 0.000000 12.000000 26 1 1 13
i1 0.000000 12.000000 27 1 1 13
i1 0.000000 12.000000 27 1 1 13
i1 0.000000 12.000000 28 1 1 13
i1 0.000000 12.000000 28 1 1 13
i1 0.000000 12.000000 29 1 1 13
i1 0.000000 12.000000 29 1 1 13
i1 0.000000 12.000000 30 1 1 13
i1 0.000000 12.000000 30 1 1 13
i1 0.000000 12.000000 8 1 1 15
i1 0.000000 12.000000 9 1 1 15
i1 0.000000 12.000000 9 1 1 15
i1 0.000000 12.000000 10 1 1 15
i1 0.000000 12.000000 11 1 1 15
i1 0.000000 12.000000 11 1 1 15
i1 0.000000 12.000000 12 1 1 15
i1 0.000000 12.000000 12 1 1 15
i1 0.000000 12.000000 13 1 1 15
i1 0.000000 12.000000 13 1 1 15
i1 0.000000 12.000000 14 1 1 15
i1 0.000000 12.000000 14 1 1 15
i1 0.000000 12.000000 16 1 1 15
i1 0.000000 12.000000 17 1 1 15
i1 0.000000 12.000000 17 1 1 15
i1 0.000000 12.000000 18 1 1 15
i1 0.000000 12.000000 18 1 1 15
i1 0.000000 12.000000 19 1 1 15
i1 0.000000 12.000000 19 1 1 15
i1 0.000000 12.000000 20 1 1 15
i1 0.000000 12.000000 20 1 1 15
i1 0.000000 12.000000 21 1 1 15
i1 0.000000 12.000000 21 1 1 15
i1 0.000000 12.000000 22 1 1 15
i1 0.000000 12.000000 22 1 1 15
i1 0.000000 12.000000 23 1 1 15
i1 0.000000 12.000000 23 1 1 15
i1 0.000000 12.000000 24 1 1 15
i1 0.000000 12.000000 24 1 1 15
i1 0.000000 12.000000 25 1 1 15
i1 0.000000 12.000000 25 1 1 15
i1 0.000000 12.000000 26 1 1 15
i1 0.000000 12.000000 26 1 1 15
i1 0.000000 12.000000 27 1 1 15
i1 0.000000 12.000000 27 1 1 15
i1 0.000000 12.000000 28 1 1 15
i1 0.000000 12.000000 28 1 1 15
i1 0.000000 12.000000 29 1 1 15
i1 0.000000 12.000000 29 1 1 15
i1 0.000000 12.000000 30 1 1 15
i1 0.000000 12.000000 30 1 1 15
i1 0.000000 12.000000 31 1 1 15
i1 0.000000 12.000000 7 1 1 16
i1 0.000000 12.000000 8 1 1 16
i1 0.000000 12.000000 8 1 1 16
i1 0.000000 12.000000 9 1 1 16
i1 0.000000 12.000000 9 1 1 16
i1 0.000000 12.000000 10 1 1 16
i1 0.000000 12.000000 10 1 1 16
i1 0.000000 12.000000 11 1 1 16
i1 0.000000 12.000000 11 1 1 16
i1 0.000000 12.000000 12 1 1 16
i1 0.000000 12.000000 12 1 1 16
i1 0.000000 12.000000 13 1 1 16
i1 0.000000 12.000000 13 1 1 16
i1 0.000000 12.000000 14 1 1 16
i1 0.000000 12.000000 14 1 1 16
i1 0.000000 12.000000 16 1 1 16
i1 0.000000 12.000000 17 1 1 16
i1 0.000000 12.000000 17 1 1 16
i1 0.000000 12.000000 18 1 1 16
i1 0.000000 12.000000 18 1 1 16
i1 0.000000 12.000000 19 1 1 16
i1 0.000000 12.000000 19 1 1 16
i1 0.000000 12.000000 20 1 1 16
i1 0.000000 12.000000 20 1 1 16
i1 0.000000 12.000000 21 1 1 16
i1 0.000000 12.000000 21 1 1 16
i1 0.000000 12.000000 22 1 1 16
i1 0.000000 12.000000 22 1 1 16
i1 0.000000 12.000000 23 1 1 16
i1 0.000000 12.000000 23 1 1 16
i1 0.000000 12.000000 24 1 1 16
i1 0.000000 12.000000 24 1 1 16
i1 0.000000 12.000000 25 1 1 16
i1 0.000000 12.000000 25 1 1 16
i1 0.000000 12.000000 26 1 1 16
i1 0.000000 12.000000 26 1 1 16
i1 0.000000 12.000000 27 1 1 16
i1 0.000000 12.000000 27 1 1 16
i1 0.000000 12.000000 28 1 1 16
i1 0.000000 12.000000 28 1 1 16
i1 0.000000 12.000000 29 1 1 16
i1 0.000000 12.000000 29 1 1 16
i1 0.000000 12.000000 30 1 1 16
i1 0.000000 12.000000 30 1 1 16
i1 0.000000 12.000000 31 1 1 16
i1 0.000000 12.000000 31 1 1 16
i1 0.000000 12.000000 7 1 1 18
i1 0.000000 12.000000 8 1 1 18
i1 0.000000 12.000000 8 1 1 18
i1 0.000000 12.000000 9 1 1 18
i1 0.000000 12.000000 9 1 1 18
i1 0.000000 12.000000 10 1 1 18
i1 0.000000 12.000000 10 1 1 18
i1 0.000000 12.000000 11 1 1 18
i1 0.000000 12.000000 11 1 1 18
i1 0.000000 12.000000 12 1 1 18
i1 0.000000 12.000000 12 1 1 18
i1 0.000000 12.000000 13 1 1 18
i1 0.000000 12.000000 13 1 1 18
i1 0.000000 12.000000 14 1 1 18
i1 0.000000 12.000000 14 1 1 18
i1 0.000000 12.000000 16 1 1 18
i1 0.000000 12.000000 17 1 1 18
i1 0.000000 12.000000 17 1 1 18
i1 0.000000 12.000000 18 1 1 18
i1 0.000000 12.000000 18 1 1 18
i1 0.000000 12.000000 19 1 1 18
i1 0.000000 12.000000 19 1 1 18
i1 0.000000 12.000000 20 1 1 18
i1 0.000000 12.000000 20 1 1 18
i1 0.000000 12.000000 21 1 1 18
i1 0.000000 12.000000 22 1 1 18
i1 0.000000 12.000000 22 1 1 18
i1 0.000000 12.000000 23 1 1 18
i1 0.000000 12.000000 23 1 1 18
i1 0.000000 12.000000 24 1 1 18
i1 0.000000 12.000000 24 1 1 18
i1 0.000000 12.000000 25 1 1 18
i1 0.000000 12.000000 25 1 1 18
i1 0.000000 12.000000 26 1 1 18
i1 0.000000 12.000000 26 1 1 18
i1 0.000000 12.000000 27 1 1 18
i1 0.000000 12.000000 27 1 1 18
i1 0.000000 12.000000 28 1 1 18
i1 0.000000 12.000000 28 1 1 18
i1 0.000000 12.000000 29 1 1 18
i1 0.000000 12.000000 29 1 1 18
i1 0.000000 12.000000 30 1 1 18
i1 0.000000 12.000000 30 1 1 18
i1 0.000000 12.000000 31 1 1 18
i1 0.000000 12.000000 31 1 1 18
i1 0.000000 12.000000 32 1 1 18
i1 0.000000 12.000000 32 1 1 18
i1 0.000000 12.000000 7 1 1 20
i1 0.000000 12.000000 7 1 1 20
i1 0.000000 12.000000 8 1 1 20
i1 0.000000 12.000000 8 1 1 20
i1 0.000000 12.000000 9 1 1 20
i1 0.000000 12.000000 9 1 1 20
i1 0.000000 12.000000 10 1 1 20
i1 0.000000 12.000000 10 1 1 20
i1 0.000000 12.000000 11 1 1 20
i1 0.000000 12.000000 11 1 1 20
i1 0.000000 12.000000 12 1 1 20
i1 0.000000 12.000000 12 1 1 20
i1 0.000000 12.000000 13 1 1 20
i1 0.000000 12.000000 13 1 1 20
i1 0.000000 12.000000 14 1 1 20
i1 0.000000 12.000000 16 1 1 20
i1 0.000000 12.000000 17 1 1 20
i1 0.000000 12.000000 17 1 1 20
i1 0.000000 12.000000 18 1 1 20
i1 0.000000 12.000000 18 1 1 20
i1 0.000000 12.000000 19 1 1 20
i1 0.000000 12.000000 19 1 1 20
i1 0.000000 12.000000 20 1 1 20
i1 0.000000 12.000000 20 1 1 20
i1 0.000000 12.000000 21 1 1 20
i1 0.000000 12.000000 22 1 1 20
i1 0.000000 12.000000 22 1 1 20
i1 0.000000 12.000000 23 1 1 20
i1 0.000000 12.000000 23 1 1 20
i1 0.000000 12.000000 24 1 1 20
i1 0.000000 12.000000 24 1 1 20
i1 0.000000 12.000000 25 1 1 20
i1 0.000000 12.000000 25 1 1 20
i1 0.000000 12.000000 26 1 1 20
i1 0.000000 12.000000 27 1 1 20
i1 0.000000 12.000000 28 1 1 20
i1 0.000000 12.000000 28 1 1 20
i1 0.000000 12.000000 29 1 1 20
i1 0.000000 12.000000 29 1 1 20
i2 0.000000 12.000000 30 1 2 20
i2 0.000000 12.000000 30 1 2 20
i1 0.000000 12.000000 31 1 1 20
i1 0.000000 12.000000 31 1 1 20
i1 0.000000 12.000000 32 1 1 20
i1 0.000000 12.000000 32 1 1 20
i1 0.000000 12.000000 6 1 1 22
i1 0.000000 12.000000 7 1 1 22
i1 0.000000 12.000000 7 1 1 22
i1 0.000000 12.000000 8 1 1 22
i1 0.000000 12.000000 8 1 1 22
i1 0.000000 12.000000 9 1 1 22
i1 0.000000 12.000000 9 1 1 22
i1 0.000000 12.000000 10 1 1 22
i1 0.000000 12.000000 10 1 1 22
i1 0.000000 12.000000 11 1 1 22
i1 0.000000 12.000000 11 1 1 22
i1 0.000000 12.000000 12 1 1 22
i1 0.000000 12.000000 12 1 1 22
i1 0.000000 12.000000 13 1 1 22
i1 0.000000 12.000000 13 1 1 22
i1 0.000000 12.000000 14 1 1 22
i1 0.000000 12.000000 17 1 1 22
i1 0.000000 12.000000 18 1 1 22
i1 0.000000 12.000000 18 1 1 22
i1 0.000000 12.000000 19 1 1 22
i1 0.000000 12.000000 19 1 1 22
i1 0.000000 12.000000 20 1 1 22
i1 0.000000 12.000000 20 1 1 22
i1 0.000000 12.000000 22 1 1 22
i1 0.000000 12.000000 22 1 1 22
i1 0.000000 12.000000 23 1 1 22
i1 0.000000 12.000000 23 1 1 22
i1 0.000000 12.000000 24 1 1 22
i1 0.000000 12.000000 24 1 1 22
i1 0.000000 12.000000 25 1 1 22
i1 0.000000 12.000000 25 1 1 22
i1 0.000000 12.000000 28 1 1 22
i1 0.000000 12.000000 28 1 1 22
i1 0.000000 12.000000 29 1 1 22
i1 0.000000 12.000000 29 1 1 22
i2 0.000000 12.000000 30 1 2 22
i2 0.000000 12.000000 30 1 2 22
i1 0.000000 12.000000 31 1 1 22
i1 0.000000 12.000000 31 1 1 22
i1 0.000000 12.000000 32 1 1 22
i1 0.000000 12.000000 32 1 1 22
i1 0.000000 12.000000 33 1 1 22
i1 0.000000 12.000000 6 1 1 24
i1 0.000000 12.000000 6 1 1 24
i1 0.000000 12.000000 7 1 1 24
i1 0.000000 12.000000 7 1 1 24
i1 0.000000 12.000000 8 1 1 24
i1 0.000000 12.000000 8 1 1 24
i1 0.000000 12.000000 9 1 1 24
i1 0.000000 12.000000 9 1 1 24
i1 0.000000 12.000000 10 1 1 24
i2 0.000000 12.000000 10 1 2 24
i1 0.000000 12.000000 11 1 1 24
i1 0.000000 12.000000 11 1 1 24
i1 0.000000 12.000000 12 1 1 24
i1 0.000000 12.000000 12 1 1 24
i1 0.000000 12.000000 13 1 1 24
i1 0.000000 12.000000 13 1 1 24
i1 0.000000 12.000000 14 1 1 24
i1 0.000000 12.000000 18 1 1 24
i1 0.000000 12.000000 18 1 1 24
i1 0.000000 12.000000 19 1 1 24
i1 0.000000 12.000000 19 1 1 24
i1 0.000000 12.000000 20 1 1 24
i1 0.000000 12.000000 20 1 1 24
i1 0.000000 12.000000 21 1 1 24
i1 0.000000 12.000000 22 1 1 24
i1 0.000000 12.000000 23 1 1 24
i1 0.000000 12.000000 23 1 1 24
i1 0.000000 12.000000 24 1 1 24
i1 0.000000 12.000000 24 1 1 24
i1 0.000000 12.000000 25 1 1 24
i1 0.000000 12.000000 27 1 1 24
i1 0.000000 12.000000 28 1 1 24
i1 0.000000 12.000000 28 1 1 24
i1 0.000000 12.000000 29 1 1 24
i1 0.000000 12.000000 29 1 1 24
i2 0.000000 12.000000 30 1 2 24
i2 0.000000 12.000000 30 1 2 24
i1 0.000000 12.000000 31 1 1 24
i1 0.000000 12.000000 31 1 1 24
i1 0.000000 12.000000 32 1 1 24
i1 0.000000 12.000000 32 1 1 24
i1 0.000000 12.000000 33 1 1 24
i1 0.000000 12.000000 6 1 1 26
i1 0.000000 12.000000 6 1 1 26
i1 0.000000 12.000000 7 1 1 26
i1 0.000000 12.000000 7 1 1 26
i1 0.000000 12.000000 8 1 1 26
i1 0.000000 12.000000 8 1 1 26
i1 0.000000 12.000000 9 1 1 26
i1 0.000000 12.000000 9 1 1 26
i1 0.000000 12.000000 10 1 1 26
i2 0.000000 12.000000 10 1 2 26
i1 0.000000 12.000000 11 1 1 26
i1 0.000000 12.000000 11 1 1 26
i1 0.000000 12.000000 12 1 1 26
i1 0.000000 12.000000 12 1 1 26
i1 0.000000 12.000000 13 1 1 26
i1 0.000000 12.000000 13 1 1 26
i1 0.000000 12.000000 14 1 1 26
i1 0.000000 12.000000 18 1 1 26
i1 0.000000 12.000000 19 1 1 26
i1 0.000000 12.000000 19 1 1 26
i1 0.000000 12.000000 20 1 1 26
i1 0.000000 12.000000 20 1 1 26
i1 0.000000 12.000000 21 1 1 26
i1 0.000000 12.000000 23 1 1 26
i1 0.000000 12.000000 23 1 1 26
i1 0.000000 12.000000 24 1 1 26
i1 0.000000 12.000000 24 1 1 26
i1 0.000000 12.000000 25 1 1 26
i1 0.000000 12.000000 27 1 1 26
i1 0.000000 12.000000 27 1 1 26
i1 0.000000 12.000000 28 1 1 26
i1 0.000000 12.000000 28 1 1 26
i1 0.000000 12.000000 29 1 1 26
i1 0.000000 12.000000 29 1 1 26
i1 0.000000 12.000000 30 1 1 26
i1 0.000000 12.000000 30 1 1 26
i1 0.000000 12.000000 31 1 1 26
i1 0.000000 12.000000 31 1 1 26
i1 0.000000 12.000000 32 1 1 26
i1 0.000000 12.000000 32 1 1 26
i1 0.000000 12.000000 33 1 1 26
i1 0.000000 12.000000 33 1 1 26
i1 0.000000 12.000000 5 1 1 28
i1 0.000000 12.000000 6 1 1 28
i1 0.000000 12.000000 6 1 1 28
i1 0.000000 12.000000 7 1 1 28
i1 0.000000 12.000000 7 1 1 28
i1 0.000000 12.000000 8 1 1 28
i1 0.000000 12.000000 8 1 1 28
i1 0.000000 12.000000 9 1 1 28
i1 0.000000 12.000000 9 1 1 28
i1 0.000000 12.000000 10 1 1 28
i1 0.000000 12.000000 10 1 1 28
i1 0.000000 12.000000 11 1 1 28
i1 0.000000 12.000000 11 1 1 28
i1 0.000000 12.000000 12 1 1 28
i1 0.000000 12.000000 12 1 1 28
i1 0.000000 12.000000 13 1 1 28
i1 0.000000 12.000000 13 1 1 28
i1 0.000000 12.000000 14 1 1 28
i1 0.000000 12.000000 18 1 1 28
i1 0.000000 12.000000 19 1 1 28
i1 0.000000 12.000000 19 1 1 28
i1 0.000000 12.000000 20 1 1 28
i1 0.000000 12.000000 20 1 1 28
i1 0.000000 12.000000 21 1 1 28
i1 0.000000 12.000000 23 1 1 28
i1 0.000000 12.000000 23 1 1 28
i1 0.000000 12.000000 24 1 1 28
i1 0.000000 12.000000 24 1 1 28
i1 0.000000 12.000000 25 1 1 28
i1 0.000000 12.000000 26 1 1 28
i1 0.000000 12.000000 26 1 1 28
i1 0.000000 12.000000 27 1 1 28
i1 0.000000 12.000000 27 1 1 28
i1 0.000000 12.000000 28 1 1 28
i1 0.000000 12.000000 28 1 1 28
i1 0.000000 12.000000 29 1 1 28
i1 0.000000 12.000000 29 1 1 28
i1 0.000000 12.000000 30 1 1 28
i1 0.000000 12.000000 30 1 1 28
i1 0.000000 12.000000 31 1 1 28
i1 0.000000 12.000000 31 1 1 28
i1 0.000000 12.000000 32 1 1 28
i1 0.000000 12.000000 32 1 1 28
i1 0.000000 12.000000 33 1 1 28
i1 0.000000 12.000000 33 1 1 28
i1 0.000000 12.000000 34 1 1 28
i1 0.000000 12.000000 5 1 1 30
i1 0.000000 12.000000 5 1 1 30
i1 0.000000 12.000000 6 1 1 30
i1 0.000000 12.000000 6 1 1 30
i1 0.000000 12.000000 7 1 1 30
i1 0.000000 12.000000 7 1 1 30
i1 0.000000 12.000000 8 1 1 30
i1 0.000000 12.000000 8 1 1 30
i1 0.000000 12.000000 9 1 1 30
i1 0.000000 12.000000 9 1 1 30
i1 0.000000 12.000000 10 1 1 30
i1 0.000000 12.000000 10 1 1 30
i1 0.000000 12.000000 11 1 1 30
i1 0.000000 12.000000 11 1 1 30
i2 0.000000 12.000000 12 1 2 30
i2 0.000000 12.000000 12 1 2 30
i1 0.000000 12.000000 13 1 1 30
i1 0.000000 12.000000 13 1 1 30
i1 0.000000 12.000000 14 1 1 30
i1 0.000000 12.000000 19 1 1 30
i1 0.000000 12.000000 19 1 1 30
i1 0.000000 12.000000 20 1 1 30
i1 0.000000 12.000000 20 1 1 30
i1 0.000000 12.000000 23 1 1 30
i1 0.000000 12.000000 23 1 1 30
i1 0.000000 12.000000 24 1 1 30
i1 0.000000 12.000000 24 1 1 30
i1 0.000000 12.000000 25 1 1 30
i1 0.000000 12.000000 25 1 1 30
i1 0.000000 12.000000 26 1 1 30
i1 0.000000 12.000000 26 1 1 30
i1 0.000000 12.000000 27 1 1 30
i1 0.000000 12.000000 27 1 1 30
i1 0.000000 12.000000 28 1 1 30
i1 0.000000 12.000000 29 1 1 30
i1 0.000000 12.000000 29 1 1 30
i1 0.000000 12.000000 30 1 1 30
i1 0.000000 12.000000 30 1 1 30
i1 0.000000 12.000000 31 1 1 30
i1 0.000000 12.000000 31 1 1 30
i1 0.000000 12.000000 32 1 1 30
i1 0.000000 12.000000 32 1 1 30
i1 0.000000 12.000000 33 1 1 30
i1 0.000000 12.000000 33 1 1 30
i1 0.000000 12.000000 34 1 1 30
i1 0.000000 12.000000 4 1 1 31
i1 0.000000 12.000000 5 1 1 31
i1 0.000000 12.000000 5 1 1 31
i1 0.000000 12.000000 6 1 1 31
i1 0.000000 12.000000 6 1 1 31
i1 0.000000 12.000000 7 1 1 31
i1 0.000000 12.000000 7 1 1 31
i1 0.000000 12.000000 8 1 1 31
i1 0.000000 12.000000 8 1 1 31
i1 0.000000 12.000000 9 1 1 31
i1 0.000000 12.000000 9 1 1 31
i1 0.000000 12.000000 10 1 1 31
i1 0.000000 12.000000 10 1 1 31
i1 0.000000 12.000000 11 1 1 31
i1 0.000000 12.000000 11 1 1 31
i2 0.000000 12.000000 12 1 2 31
i2 0.000000 12.000000 12 1 2 31
i1 0.000000 12.000000 13 1 1 31
i1 0.000000 12.000000 13 1 1 31
i1 0.000000 12.000000 14 1 1 31
i1 0.000000 12.000000 19 1 1 31
i1 0.000000 12.000000 20 1 1 31
i1 0.000000 12.000000 24 1 1 31
i1 0.000000 12.000000 24 1 1 31
i1 0.000000 12.000000 26 1 1 31
i1 0.000000 12.000000 27 1 1 31
i1 0.000000 12.000000 27 1 1 31
i1 0.000000 12.000000 29 1 1 31
i1 0.000000 12.000000 30 1 1 31
i1 0.000000 12.000000 30 1 1 31
i1 0.000000 12.000000 31 1 1 31
i1 0.000000 12.000000 31 1 1 31
i1 0.000000 12.000000 32 1 1 31
i1 0.000000 12.000000 32 1 1 31
i1 0.000000 12.000000 33 1 1 31
i1 0.000000 12.000000 33 1 1 31
i1 0.000000 12.000000 34 1 1 31
i1 0.000000 12.000000 34 1 1 31
i1 0.000000 12.000000 4 1 1 33
i1 0.000000 12.000000 5 1 1 33
i1 0.000000 12.000000 5 1 1 33
i1 0.000000 12.000000 6 1 1 33
i1 0.000000 12.000000 6 1 1 33
i1 0.000000 12.000000 7 1 1 33
i1 0.000000 12.000000 7 1 1 33
i1 0.000000 12.000000 8 1 1 33
i1 0.000000 12.000000 8 1 1 33
i1 0.000000 12.000000 9 1 1 33
i1 0.000000 12.000000 9 1 1 33
i1 0.000000 12.000000 10 1 1 33
i1 0.000000 12.000000 10 1 1 33
i1 0.000000 12.000000 11 1 1 33
i1 0.000000 12.000000 11 1 1 33
i2 0.000000 12.000000 12 1 2 33
i1 0.000000 12.000000 12 1 1 33
i1 0.000000 12.000000 13 1 1 33
i1 0.000000 12.000000 13 1 1 33
i1 0.000000 12.000000 30 1 1 33
i1 0.000000 12.000000 30 1 1 33
i1 0.000000 12.000000 31 1 1 33
i1 0.000000 12.000000 31 1 1 33
i1 0.000000 12.000000 32 1 1 33
i1 0.000000 12.000000 32 1 1 33
i1 0.000000 12.000000 34 1 1 33
i1 0.000000 12.000000 34 1 1 33
i1 0.000000 12.000000 35 1 1 33
i1 0.000000 12.000000 4 1 1 35
i1 0.000000 12.000000 4 1 1 35
i1 0.000000 12.000000 5 1 1 35
i1 0.000000 12.000000 5 1 1 35
i1 0.000000 12.000000 6 1 1 35
i1 0.000000 12.000000 6 1 1 35
i1 0.000000 12.000000 7 1 1 35
i1 0.000000 12.000000 7 1 1 35
i1 0.000000 12.000000 8 1 1 35
i1 0.000000 12.000000 8 1 1 35
i1 0.000000 12.000000 9 1 1 35
i1 0.000000 12.000000 9 1 1 35
i1 0.000000 12.000000 10 1 1 35
i1 0.000000 12.000000 10 1 1 35
i1 0.000000 12.000000 11 1 1 35
i1 0.000000 12.000000 11 1 1 35
i1 0.000000 12.000000 12 1 1 35
i1 0.000000 12.000000 12 1 1 35
i1 0.000000 12.000000 13 1 1 35
i1 0.000000 12.000000 31 1 1 35
i1 0.000000 12.000000 31 1 1 35
i1 0.000000 12.000000 32 1 1 35
i1 0.000000 12.000000 32 1 1 35
i1 0.000000 12.000000 34 1 1 35
i1 0.000000 12.000000 34 1 1 35
i1 0.000000 12.000000 35 1 1 35
i1 0.000000 12.000000 4 1 1 37
i1 0.000000 12.000000 4 1 1 37
i1 0.000000 12.000000 5 1 1 37
i1 0.000000 12.000000 5 1 1 37
i1 0.000000 12.000000 6 1 1 37
i1 0.000000 12.000000 9 1 1 37
i1 0.000000 12.000000 9 1 1 37
i1 0.000000 12.000000 10 1 1 37
i1 0.000000 12.000000 10 1 1 37
i1 0.000000 12.000000 11 1 1 37
i1 0.000000 12.000000 11 1 1 37
i1 0.000000 12.000000 12 1 1 37
i1 0.000000 12.000000 12 1 1 37
i1 0.000000 12.000000 31 1 1 37
i1 0.000000 12.000000 31 1 1 37
i1 0.000000 12.000000 32 1 1 37
i1 0.000000 12.000000 32 1 1 37
i1 0.000000 12.000000 34 1 1 37
i1 0.000000 12.000000 34 1 1 37
i1 0.000000 12.000000 35 1 1 37
i1 0.000000 12.000000 35 1 1 37
i1 0.000000 12.000000 3 1 1 39
i1 0.000000 12.000000 4 1 1 39
i1 0.000000 12.000000 4 1 1 39
i1 0.000000 12.000000 5 1 1 39
i1 0.000000 12.000000 5 1 1 39
i1 0.000000 12.000000 6 1 1 39
i1 0.000000 12.000000 8 1 1 39
i1 0.000000 12.000000 8 1 1 39
i1 0.000000 12.000000 9 1 1 39
i1 0.000000 12.000000 9 1 1 39
i1 0.000000 12.000000 10 1 1 39
i1 0.000000 12.000000 10 1 1 39
i1 0.000000 12.000000 11 1 1 39
i1 0.000000 12.000000 11 1 1 39
i1 0.000000 12.000000 12 1 1 39
i1 0.000000 12.000000 12 1 1 39
i1 0.000000 12.000000 32 1 1 39
i1 0.000000 12.000000 34 1 1 39
i1 0.000000 12.000000 34 1 1 39
i1 0.000000 12.000000 35 1 1 39
i1 0.000000 12.000000 35 1 1 39
i1 0.000000 12.000000 3 1 1 41
i1 0.000000 12.000000 3 1 1 41
i1 0.000000 12.000000 4 1 1 41
i1 0.000000 12.000000 4 1 1 41
i1 0.000000 12.000000 5 1 1 41
i1 0.000000 12.000000 5 1 1 41
i1 0.000000 12.000000 6 1 1 41
i1 0.000000 12.000000 6 1 1 41
i1 0.000000 12.000000 7 1 1 41
i1 0.000000 12.000000 8 1 1 41
i1 0.000000 12.000000 8 1 1 41
i1 0.000000 12.000000 9 1 1 41
i1 0.000000 12.000000 9 1 1 41
i1 0.000000 12.000000 10 1 1 41
i1 0.000000 12.000000 10 1 1 41
i1 0.000000 12.000000 11 1 1 41
i1 0.000000 12.000000 11 1 1 41
i1 0.000000 12.000000 12 1 1 41
i1 0.000000 12.000000 32 1 1 41
i1 0.000000 12.000000 34 1 1 41
i1 0.000000 12.000000 34 1 1 41
i1 0.000000 12.000000 35 1 1 41
i1 0.000000 12.000000 35 1 1 41
i1 0.000000 12.000000 2 1 1 43
i1 0.000000 12.000000 3 1 1 43
i1 0.000000 12.000000 3 1 1 43
i1 0.000000 12.000000 4 1 1 43
i1 0.000000 12.000000 4 1 1 43
i1 0.000000 12.000000 5 1 1 43
i1 0.000000 12.000000 5 1 1 43
i1 0.000000 12.000000 6 1 1 43
i1 0.000000 12.000000 6 1 1 43
i1 0.000000 12.000000 7 1 1 43
i1 0.000000 12.000000 7 1 1 43
i1 0.000000 12.000000 8 1 1 43
i1 0.000000 12.000000 8 1 1 43
i1 0.000000 12.000000 9 1 1 43
i1 0.000000 12.000000 9 1 1 43
i1 0.000000 12.000000 10 1 1 43
i1 0.000000 12.000000 10 1 1 43
i1 0.000000 12.000000 11 1 1 43
i1 0.000000 12.000000 32 1 1 43
i1 0.000000 12.000000 32 1 1 43
i1 0.000000 12.000000 34 1 1 43
i1 0.000000 12.000000 35 1 1 43
i1 0.000000 12.000000 1 1 1 45
i1 0.000000 12.000000 2 1 1 45
i1 0.000000 12.000000 2 1 1 45
i1 0.000000 12.000000 3 1 1 45
i1 0.000000 12.000000 3 1 1 45
i1 0.000000 12.000000 4 1 1 45
i1 0.000000 12.000000 4 1 1 45
i1 0.000000 12.000000 5 1 1 45
i1 0.000000 12.000000 5 1 1 45
i1 0.000000 12.000000 6 1 1 45
i1 0.000000 12.000000 6 1 1 45
i1 0.000000 12.000000 7 1 1 45
i1 0.000000 12.000000 7 1 1 45
i1 0.000000 12.000000 8 1 1 45
i1 0.000000 12.000000 8 1 1 45
i1 0.000000 12.000000 9 1 1 45
i1 0.000000 12.000000 9 1 1 45
i1 0.000000 12.000000 32 1 1 45
i1 0.000000 12.000000 32 1 1 45
i1 0.000000 12.000000 1 1 1 47
i1 0.000000 12.000000 1 1 1 47
i1 0.000000 12.000000 2 1 1 47
i1 0.000000 12.000000 2 1 1 47
i1 0.000000 12.000000 3 1 1 47
i1 0.000000 12.000000 3 1 1 47
i1 0.000000 12.000000 5 1 1 47
i1 0.000000 12.000000 5 1 1 47
i1 0.000000 12.000000 6 1 1 47
i1 0.000000 12.000000 6 1 1 47
i1 0.000000 12.000000 7 1 1 47
i1 0.000000 12.000000 7 1 1 47
i1 0.000000 12.000000 8 1 1 47
i1 0.000000 12.000000 31 1 1 47
i1 0.000000 12.000000 32 1 1 47
i1 0.000000 12.000000 32 1 1 47
i1 0.000000 12.000000 1 1 1 48
i1 0.000000 12.000000 1 1 1 48
i1 0.000000 12.000000 2 1 1 48
i1 0.000000 12.000000 2 1 1 48
i1 0.000000 12.000000 3 1 1 48
i1 0.000000 12.000000 3 1 1 48
i1 0.000000 12.000000 5 1 1 48
i1 0.000000 12.000000 6 1 1 48
i1 0.000000 12.000000 6 1 1 48
i1 0.000000 12.000000 24 1 1 48
i1 0.000000 12.000000 24 1 1 48
i1 0.000000 12.000000 25 1 1 48
i1 0.000000 12.000000 25 1 1 48
i1 0.000000 12.000000 32 1 1 48
i1 0.000000 12.000000 32 1 1 48
i1 0.000000 12.000000 33 1 1 48
i1 0.000000 12.000000 1 1 1 50
i1 0.000000 12.000000 1 1 1 50
i1 0.000000 12.000000 2 1 1 50
i1 0.000000 12.000000 2 1 1 50
i1 0.000000 12.000000 3 1 1 50
i1 0.000000 12.000000 6 1 1 50
i1 0.000000 12.000000 23 1 1 50
i1 0.000000 12.000000 23 1 1 50
i1 0.000000 12.000000 24 1 1 50
i1 0.000000 12.000000 24 1 1 50
i1 0.000000 12.000000 25 1 1 50
i1 0.000000 12.000000 25 1 1 50
i1 0.000000 12.000000 26 1 1 50
i1 0.000000 12.000000 26 1 1 50
i1 0.000000 12.000000 32 1 1 50
i1 0.000000 12.000000 32 1 1 50
i1 0.000000 12.000000 33 1 1 50
i1 0.000000 12.000000 33 1 1 50
i1 0.000000 12.000000 36 1 1 50
i1 0.000000 12.000000 1 1 1 52
i1 0.000000 12.000000 1 1 1 52
i1 0.000000 12.000000 2 1 1 52
i1 0.000000 12.000000 2 1 1 52
i1 0.000000 12.000000 3 1 1 52
i1 0.000000 12.000000 3 1 1 52
i1 0.000000 12.000000 5 1 1 52
i1 0.000000 12.000000 6 1 1 52
i1 0.000000 12.000000 12 1 1 52
i1 0.000000 12.000000 12 1 1 52
i1 0.000000 12.000000 13 1 1 52
i1 0.000000 12.000000 13 1 1 52
i1 0.000000 12.000000 14 1 1 52
i1 0.000000 12.000000 14 1 1 52
i1 0.000000 12.000000 18 1 1 52
i1 0.000000 12.000000 19 1 1 52
i1 0.000000 12.000000 19 1 1 52
i1 0.000000 12.000000 20 1 1 52
i1 0.000000 12.000000 20 1 1 52
i1 0.000000 12.000000 21 1 1 52
i1 0.000000 12.000000 21 1 1 52
i1 0.000000 12.000000 22 1 1 52
i1 0.000000 12.000000 22 1 1 52
i1 0.000000 12.000000 23 1 1 52
i1 0.000000 12.000000 23 1 1 52
i1 0.000000 12.000000 24 1 1 52
i1 0.000000 12.000000 24 1 1 52
i1 0.000000 12.000000 25 1 1 52
i1 0.000000 12.000000 25 1 1 52
i1 0.000000 12.000000 26 1 1 52
i1 0.000000 12.000000 26 1 1 52
i1 0.000000 12.000000 27 1 1 52
i1 0.000000 12.000000 27 1 1 52
i1 0.000000 12.000000 32 1 1 52
i1 0.000000 12.000000 32 1 1 52
i1 0.000000 12.000000 33 1 1 52
i1 0.000000 12.000000 33 1 1 52
i1 0.000000 12.000000 35 1 1 52
i1 0.000000 12.000000 36 1 1 52
i1 0.000000 12.000000 1 1 1 54
i1 0.000000 12.000000 1 1 1 54
i1 0.000000 12.000000 2 1 1 54
i1 0.000000 12.000000 2 1 1 54
i1 0.000000 12.000000 3 1 1 54
i1 0.000000 12.000000 3 1 1 54
i1 0.000000 12.000000 4 1 1 54
i1 0.000000 12.000000 5 1 1 54
i1 0.000000 12.000000 6 1 1 54
i1 0.000000 12.000000 6 1 1 54
i1 0.000000 12.000000 7 1 1 54
i1 0.000000 12.000000 8 1 1 54
i1 0.000000 12.000000 8 1 1 54
i1 0.000000 12.000000 9 1 1 54
i1 0.000000 12.000000 9 1 1 54
i1 0.000000 12.000000 10 1 1 54
i1 0.000000 12.000000 11 1 1 54
i1 0.000000 12.000000 11 1 1 54
i1 0.000000 12.000000 12 1 1 54
i1 0.000000 12.000000 12 1 1 54
i1 0.000000 12.000000 13 1 1 54
i1 0.000000 12.000000 13 1 1 54
i1 0.000000 12.000000 14 1 1 54
i1 0.000000 12.000000 14 1 1 54
i1 0.000000 12.000000 15 1 1 54
i1 0.000000 12.000000 18 1 1 54
i1 0.000000 12.000000 18 1 1 54
i1 0.000000 12.000000 19 1 1 54
i1 0.000000 12.000000 19 1 1 54
i1 0.000000 12.000000 20 1 1 54
i1 0.000000 12.000000 20 1 1 54
i1 0.000000 12.000000 21 1 1 54
i1 0.000000 12.000000 21 1 1 54
i1 0.000000 12.000000 22 1 1 54
i1 0.000000 12.000000 22 1 1 54
i1 0.000000 12.000000 23 1 1 54
i1 0.000000 12.000000 23 1 1 54
i1 0.000000 12.000000 24 1 1 54
i1 0.000000 12.000000 24 1 1 54
i1 0.000000 12.000000 25 1 1 54
i1 0.000000 12.000000 25 1 1 54
i1 0.000000 12.000000 26 1 1 54
i1 0.000000 12.000000 26 1 1 54
i1 0.000000 12.000000 27 1 1 54
i1 0.000000 12.000000 27 1 1 54
i1 0.000000 12.000000 28 1 1 54
i1 0.000000 12.000000 28 1 1 54
i1 0.000000 12.000000 29 1 1 54
i1 0.000000 12.000000 29 1 1 54
i1 0.000000 12.000000 30 1 1 54
i1 0.000000 12.000000 32 1 1 54
i1 0.000000 12.000000 32 1 1 54
i1 0.000000 12.000000 33 1 1 54
i1 0.000000 12.000000 33 1 1 54
i1 0.000000 12.000000 35 1 1 54
i1 0.000000 12.000000 35 1 1 54
i1 0.000000 12.000000 36 1 1 54
i1 0.000000 12.000000 1 1 1 56
i1 0.000000 12.000000 1 1 1 56
i1 0.000000 12.000000 2 1 1 56
i1 0.000000 12.000000 2 1 1 56
i1 0.000000 12.000000 3 1 1 56
i1 0.000000 12.000000 3 1 1 56
i1 0.000000 12.000000 4 1 1 56
i1 0.000000 12.000000 4 1 1 56
i1 0.000000 12.000000 5 1 1 56
i1 0.000000 12.000000 5 1 1 56
i1 0.000000 12.000000 6 1 1 56
i1 0.000000 12.000000 6 1 1 56
i1 0.000000 12.000000 7 1 1 56
i1 0.000000 12.000000 7 1 1 56
i1 0.000000 12.000000 8 1 1 56
i1 0.000000 12.000000 8 1 1 56
i1 0.000000 12.000000 9 1 1 56
i1 0.000000 12.000000 9 1 1 56
i1 0.000000 12.000000 10 1 1 56
i1 0.000000 12.000000 10 1 1 56
i1 0.000000 12.000000 11 1 1 56
i1 0.000000 12.000000 11 1 1 56
i1 0.000000 12.000000 12 1 1 56
i1 0.000000 12.000000 12 1 1 56
i1 0.000000 12.000000 13 1 1 56
i1 0.000000 12.000000 13 1 1 56
i1 0.000000 12.000000 14 1 1 56
i1 0.000000 12.000000 14 1 1 56
i1 0.000000 12.000000 15 1 1 56
i1 0.000000 12.000000 17 1 1 56
i1 0.000000 12.000000 18 1 1 56
i1 0.000000 12.000000 18 1 1 56
i1 0.000000 12.000000 19 1 1 56
i1 0.000000 12.000000 19 1 1 56
i1 0.000000 12.000000 20 1 1 56
i1 0.000000 12.000000 20 1 1 56
i1 0.000000 12.000000 21 1 1 56
i1 0.000000 12.000000 21 1 1 56
i1 0.000000 12.000000 22 1 1 56
i1 0.000000 12.000000 22 1 1 56
i1 0.000000 12.000000 23 1 1 56
i1 0.000000 12.000000 23 1 1 56
i1 0.000000 12.000000 24 1 1 56
i1 0.000000 12.000000 24 1 1 56
i1 0.000000 12.000000 25 1 1 56
i1 0.000000 12.000000 27 1 1 56
i1 0.000000 12.000000 27 1 1 56
i1 0.000000 12.000000 28 1 1 56
i1 0.000000 12.000000 28 1 1 56
i1 0.000000 12.000000 29 1 1 56
i1 0.000000 12.000000 29 1 1 56
i1 0.000000 12.000000 30 1 1 56
i1 0.000000 12.000000 30 1 1 56
i1 0.000000 12.000000 31 1 1 56
i1 0.000000 12.000000 32 1 1 56
i1 0.000000 12.000000 32 1 1 56
i1 0.000000 12.000000 33 1 1 56
i1 0.000000 12.000000 35 1 1 56
i1 0.000000 12.000000 35 1 1 56
i1 0.000000 12.000000 36 1 1 56
i1 0.000000 12.000000 1 1 1 58
i1 0.000000 12.000000 1 1 1 58
i1 0.000000 12.000000 2 1 1 58
i1 0.000000 12.000000 2 1 1 58
i1 0.000000 12.000000 3 1 1 58
i1 0.000000 12.000000 3 1 1 58
i1 0.000000 12.000000 4 1 1 58
i1 0.000000 12.000000 4 1 1 58
i1 0.000000 12.000000 5 1 1 58
i1 0.000000 12.000000 5 1 1 58
i1 0.000000 12.000000 6 1 1 58
i1 0.000000 12.000000 6 1 1 58
i1 0.000000 12.000000 7 1 1 58
i1 0.000000 12.000000 7 1 1 58
i1 0.000000 12.000000 8 1 1 58
i1 0.000000 12.000000 8 1 1 58
i1 0.000000 12.000000 9 1 1 58
i1 0.000000 12.000000 9 1 1 58
i1 0.000000 12.000000 10 1 1 58
i1 0.000000 12.000000 10 1 1 58
i1 0.000000 12.000000 11 1 1 58
i1 0.000000 12.000000 11 1 1 58
i1 0.000000 12.000000 12 1 1 58
i1 0.000000 12.000000 12 1 1 58
i1 0.000000 12.000000 13 1 1 58
i1 0.000000 12.000000 13 1 1 58
i1 0.000000 12.000000 14 1 1 58
i1 0.000000 12.000000 14 1 1 58
i1 0.000000 12.000000 15 1 1 58
i1 0.000000 12.000000 16 1 1 58
i1 0.000000 12.000000 17 1 1 58
i1 0.000000 12.000000 17 1 1 58
i1 0.000000 12.000000 18 1 1 58
i1 0.000000 12.000000 18 1 1 58
i1 0.000000 12.000000 19 1 1 58
i1 0.000000 12.000000 20 1 1 58
i1 0.000000 12.000000 20 1 1 58
i1 0.000000 12.000000 21 1 1 58
i1 0.000000 12.000000 21 1 1 58
i1 0.000000 12.000000 22 1 1 58
i1 0.000000 12.000000 22 1 1 58
i1 0.000000 12.000000 23 1 1 58
i1 0.000000 12.000000 23 1 1 58
i1 0.000000 12.000000 24 1 1 58
i1 0.000000 12.000000 27 1 1 58
i1 0.000000 12.000000 27 1 1 58
i1 0.000000 12.000000 28 1 1 58
i1 0.000000 12.000000 28 1 1 58
i1 0.000000 12.000000 29 1 1 58
i1 0.000000 12.000000 29 1 1 58
i1 0.000000 12.000000 30 1 1 58
i1 0.000000 12.000000 30 1 1 58
i1 0.000000 12.000000 31 1 1 58
i1 0.000000 12.000000 31 1 1 58
i1 0.000000 12.000000 32 1 1 58
i1 0.000000 12.000000 32 1 1 58
i1 0.000000 12.000000 33 1 1 58
i1 0.000000 12.000000 33 1 1 58
i1 0.000000 12.000000 35 1 1 58
i1 0.000000 12.000000 35 1 1 58
i1 0.000000 12.000000 1 1 1 60
i1 0.000000 12.000000 2 1 1 60
i1 0.000000 12.000000 2 1 1 60
i1 0.000000 12.000000 3 1 1 60
i1 0.000000 12.000000 3 1 1 60
i1 0.000000 12.000000 4 1 1 60
i1 0.000000 12.000000 4 1 1 60
i1 0.000000 12.000000 6 1 1 60
i1 0.000000 12.000000 7 1 1 60
i1 0.000000 12.000000 7 1 1 60
i1 0.000000 12.000000 8 1 1 60
i1 0.000000 12.000000 8 1 1 60
i1 0.000000 12.000000 9 1 1 60
i1 0.000000 12.000000 9 1 1 60
i1 0.000000 12.000000 10 1 1 60
i1 0.000000 12.000000 10 1 1 60
i1 0.000000 12.000000 11 1 1 60
i1 0.000000 12.000000 11 1 1 60
i1 0.000000 12.000000 27 1 1 60
i1 0.000000 12.000000 28 1 1 60
i1 0.000000 12.000000 30 1 1 60
i1 0.000000 12.000000 31 1 1 60
i1 0.000000 12.000000 31 1 1 60
i1 0.000000 12.000000 32 1 1 60
i1 0.000000 12.000000 32 1 1 60
i1 0.000000 12.000000 33 1 1 60
i1 0.000000 12.000000 33 1 1 60
i1 0.000000 12.000000 34 1 1 60
i1 0.000000 12.000000 31 1 1 62
i1 0.000000 12.000000 31 1 1 62
i1 0.000000 12.000000 32 1 1 62
i1 0.000000 12.000000 32 1 1 62
i1 0.000000 12.000000 33 1 1 62
i1 0.000000 12.000000 33 1 1 62
i1 0.000000 12.000000 34 1 1 62
i1 0.000000 12.000000 34 1 1 62
i1 0.000000 12.000000 18 1 1 63
i1 0.000000 12.000000 18 1 1 63
i1 0.000000 12.000000 19 1 1 63
i1 0.000000 12.000000 30 1 1 63
i1 0.000000 12.000000 31 1 1 63
i1 0.000000 12.000000 31 1 1 63
i1 0.000000 12.000000 32 1 1 63
i1 0.000000 12.000000 32 1 1 63
i1 0.000000 12.000000 33 1 1 63
i1 0.000000 12.000000 33 1 1 63
i1 0.000000 12.000000 34 1 1 63
i1 0.000000 12.000000 34 1 1 63
i1 0.000000 12.000000 1 1 1 65
i1 0.000000 12.000000 2 1 1 65
i1 0.000000 12.000000 2 1 1 65
i1 0.000000 12.000000 4 1 1 65
i1 0.000000 12.000000 5 1 1 65
i1 0.000000 12.000000 6 1 1 65
i1 0.000000 12.000000 6 1 1 65
i1 0.000000 12.000000 7 1 1 65
i1 0.000000 12.000000 7 1 1 65
i1 0.000000 12.000000 8 1 1 65
i1 0.000000 12.000000 8 1 1 65
i1 0.000000 12.000000 13 1 1 65
i1 0.000000 12.000000 13 1 1 65
i1 0.000000 12.000000 17 1 1 65
i1 0.000000 12.000000 18 1 1 65
i1 0.000000 12.000000 18 1 1 65
i1 0.000000 12.000000 19 1 1 65
i1 0.000000 12.000000 19 1 1 65
i1 0.000000 12.000000 20 1 1 65
i1 0.000000 12.000000 26 1 1 65
i1 0.000000 12.000000 26 1 1 65
i1 0.000000 12.000000 27 1 1 65
i1 0.000000 12.000000 29 1 1 65
i1 0.000000 12.000000 30 1 1 65
i1 0.000000 12.000000 30 1 1 65
i1 0.000000 12.000000 31 1 1 65
i1 0.000000 12.000000 31 1 1 65
i1 0.000000 12.000000 32 1 1 65
i1 0.000000 12.000000 32 1 1 65
i1 0.000000 12.000000 33 1 1 65
i2 0.000000 12.000000 33 1 2 65
i2 0.000000 12.000000 34 1 2 65
i1 0.000000 12.000000 34 1 1 65
i1 0.000000 12.000000 1 1 1 67
i1 0.000000 12.000000 1 1 1 67
i1 0.000000 12.000000 2 1 1 67
i1 0.000000 12.000000 2 1 1 67
i1 0.000000 12.000000 3 1 1 67
i1 0.000000 12.000000 3 1 1 67
i1 0.000000 12.000000 4 1 1 67
i1 0.000000 12.000000 4 1 1 67
i1 0.000000 12.000000 5 1 1 67
i1 0.000000 12.000000 5 1 1 67
i1 0.000000 12.000000 6 1 1 67
i1 0.000000 12.000000 6 1 1 67
i1 0.000000 12.000000 7 1 1 67
i1 0.000000 12.000000 7 1 1 67
i1 0.000000 12.000000 8 1 1 67
i1 0.000000 12.000000 8 1 1 67
i1 0.000000 12.000000 9 1 1 67
i1 0.000000 12.000000 9 1 1 67
i1 0.000000 12.000000 10 1 1 67
i1 0.000000 12.000000 10 1 1 67
i1 0.000000 12.000000 11 1 1 67
i1 0.000000 12.000000 12 1 1 67
i1 0.000000 12.000000 13 1 1 67
i1 0.000000 12.000000 13 1 1 67
i1 0.000000 12.000000 14 1 1 67
i1 0.000000 12.000000 17 1 1 67
i1 0.000000 12.000000 17 1 1 67
i1 0.000000 12.000000 18 1 1 67
i1 0.000000 12.000000 18 1 1 67
i1 0.000000 12.000000 19 1 1 67
i1 0.000000 12.000000 19 1 1 67
i1 0.000000 12.000000 20 1 1 67
i1 0.000000 12.000000 20 1 1 67
i1 0.000000 12.000000 25 1 1 67
i1 0.000000 12.000000 26 1 1 67
i1 0.000000 12.000000 26 1 1 67
i1 0.000000 12.000000 27 1 1 67
i1 0.000000 12.000000 29 1 1 67
i1 0.000000 12.000000 29 1 1 67
i1 0.000000 12.000000 30 1 1 67
i1 0.000000 12.000000 30 1 1 67
i1 0.000000 12.000000 31 1 1 67
i1 0.000000 12.000000 31 1 1 67
i1 0.000000 12.000000 32 1 1 67
i1 0.000000 12.000000 32 1 1 67
i1 0.000000 12.000000 33 1 1 67
i1 0.000000 12.000000 33 1 1 67
i1 0.000000 12.000000 34 1 1 67
i1 0.000000 12.000000 34 1 1 67
i1 0.000000 12.000000 1 1 1 69
i1 0.000000 12.000000 1 1 1 69
i1 0.000000 12.000000 2 1 1 69
i1 0.000000 12.000000 2 1 1 69
i1 0.000000 12.000000 3 1 1 69
i1 0.000000 12.000000 3 1 1 69
i1 0.000000 12.000000 4 1 1 69
i1 0.000000 12.000000 4 1 1 69
i1 0.000000 12.000000 5 1 1 69
i1 0.000000 12.000000 5 1 1 69
i1 0.000000 12.000000 6 1 1 69
i1 0.000000 12.000000 6 1 1 69
i1 0.000000 12.000000 7 1 1 69
i1 0.000000 12.000000 7 1 1 69
i1 0.000000 12.000000 8 1 1 69
i1 0.000000 12.000000 8 1 1 69
i1 0.000000 12.000000 9 1 1 69
i1 0.000000 12.000000 9 1 1 69
i1 0.000000 12.000000 10 1 1 69
i1 0.000000 12.000000 10 1 1 69
i1 0.000000 12.000000 11 1 1 69
i1 0.000000 12.000000 11 1 1 69
i1 0.000000 12.000000 12 1 1 69
i1 0.000000 12.000000 12 1 1 69
i1 0.000000 12.000000 13 1 1 69
i1 0.000000 12.000000 13 1 1 69
i1 0.000000 12.000000 14 1 1 69
i1 0.000000 12.000000 14 1 1 69
i1 0.000000 12.000000 15 1 1 69
i1 0.000000 12.000000 16 1 1 69
i1 0.000000 12.000000 17 1 1 69
i1 0.000000 12.000000 17 1 1 69
i1 0.000000 12.000000 18 1 1 69
i1 0.000000 12.000000 18 1 1 69
i1 0.000000 12.000000 19 1 1 69
i1 0.000000 12.000000 19 1 1 69
i1 0.000000 12.000000 20 1 1 69
i1 0.000000 12.000000 20 1 1 69
i1 0.000000 12.000000 21 1 1 69
i1 0.000000 12.000000 24 1 1 69
i1 0.000000 12.000000 24 1 1 69
i1 0.000000 12.000000 25 1 1 69
i1 0.000000 12.000000 25 1 1 69
i1 0.000000 12.000000 26 1 1 69
i1 0.000000 12.000000 26 1 1 69
i1 0.000000 12.000000 27 1 1 69
i1 0.000000 12.000000 27 1 1 69
i1 0.000000 12.000000 28 1 1 69
i1 0.000000 12.000000 28 1 1 69
i1 0.000000 12.000000 29 1 1 69
i1 0.000000 12.000000 29 1 1 69
i1 0.000000 12.000000 30 1 1 69
i1 0.000000 12.000000 30 1 1 69
i1 0.000000 12.000000 31 1 1 69
i1 0.000000 12.000000 31 1 1 69
i1 0.000000 12.000000 32 1 1 69
i1 0.000000 12.000000 32 1 1 69
i1 0.000000 12.000000 33 1 1 69
i1 0.000000 12.000000 33 1 1 69
i1 0.000000 12.000000 34 1 1 69
i1 0.000000 12.000000 34 1 1 69
i1 0.000000 12.000000 1 1 1 71
i1 0.000000 12.000000 1 1 1 71
i1 0.000000 12.000000 2 1 1 71
i1 0.000000 12.000000 2 1 1 71
i1 0.000000 12.000000 3 1 1 71
i1 0.000000 12.000000 3 1 1 71
i1 0.000000 12.000000 4 1 1 71
i1 0.000000 12.000000 4 1 1 71
i1 0.000000 12.000000 6 1 1 71
i1 0.000000 12.000000 7 1 1 71
i1 0.000000 12.000000 7 1 1 71
i1 0.000000 12.000000 8 1 1 71
i1 0.000000 12.000000 8 1 1 71
i1 0.000000 12.000000 9 1 1 71
i1 0.000000 12.000000 10 1 1 71
i1 0.000000 12.000000 10 1 1 71
i1 0.000000 12.000000 11 1 1 71
i1 0.000000 12.000000 11 1 1 71
i1 0.000000 12.000000 12 1 1 71
i1 0.000000 12.000000 12 1 1 71
i1 0.000000 12.000000 14 1 1 71
i1 0.000000 12.000000 14 1 1 71
i1 0.000000 12.000000 15 1 1 71
i1 0.000000 12.000000 15 1 1 71
i1 0.000000 12.000000 16 1 1 71
i1 0.000000 12.000000 16 1 1 71
i1 0.000000 12.000000 17 1 1 71
i1 0.000000 12.000000 17 1 1 71
i1 0.000000 12.000000 18 1 1 71
i1 0.000000 12.000000 18 1 1 71
i1 0.000000 12.000000 19 1 1 71
i1 0.000000 12.000000 19 1 1 71
i1 0.000000 12.000000 20 1 1 71
i1 0.000000 12.000000 20 1 1 71
i1 0.000000 12.000000 21 1 1 71
i1 0.000000 12.000000 24 1 1 71
i1 0.000000 12.000000 24 1 1 71
i1 0.000000 12.000000 25 1 1 71
i1 0.000000 12.000000 25 1 1 71
i1 0.000000 12.000000 26 1 1 71
i1 0.000000 12.000000 26 1 1 71
i1 0.000000 12.000000 27 1 1 71
i1 0.000000 12.000000 27 1 1 71
i1 0.000000 12.000000 28 1 1 71
i1 0.000000 12.000000 28 1 1 71
i1 0.000000 12.000000 29 1 1 71
i1 0.000000 12.000000 30 1 1 71
i1 0.000000 12.000000 30 1 1 71
i1 0.000000 12.000000 31 1 1 71
i1 0.000000 12.000000 31 1 1 71
i1 0.000000 12.000000 32 1 1 71
i1 0.000000 12.000000 32 1 1 71
i1 0.000000 12.000000 33 1 1 71
i1 0.000000 12.000000 33 1 1 71
i1 0.000000 12.000000 34 1 1 71
i1 0.000000 12.000000 36 1 1 71
i1 0.000000 12.000000 1 1 1 73
i1 0.000000 12.000000 1 1 1 73
i1 0.000000 12.000000 2 1 1 73
i1 0.000000 12.000000 2 1 1 73
i1 0.000000 12.000000 3 1 1 73
i1 0.000000 12.000000 3 1 1 73
i1 0.000000 12.000000 4 1 1 73
i1 0.000000 12.000000 7 1 1 73
i1 0.000000 12.000000 7 1 1 73
i1 0.000000 12.000000 8 1 1 73
i1 0.000000 12.000000 10 1 1 73
i1 0.000000 12.000000 11 1 1 73
i1 0.000000 12.000000 11 1 1 73
i1 0.000000 12.000000 12 1 1 73
i1 0.000000 12.000000 15 1 1 73
i1 0.000000 12.000000 18 1 1 73
i1 0.000000 12.000000 19 1 1 73
i1 0.000000 12.000000 19 1 1 73
i1 0.000000 12.000000 20 1 1 73
i1 0.000000 12.000000 20 1 1 73
i1 0.000000 12.000000 21 1 1 73
i1 0.000000 12.000000 24 1 1 73
i1 0.000000 12.000000 24 1 1 73
i1 0.000000 12.000000 25 1 1 73
i1 0.000000 12.000000 25 1 1 73
i1 0.000000 12.000000 26 1 1 73
i1 0.000000 12.000000 26 1 1 73
i1 0.000000 12.000000 27 1 1 73
i1 0.000000 12.000000 28 1 1 73
i1 0.000000 12.000000 32 1 1 73
i1 0.000000 12.000000 33 1 1 73
i1 0.000000 12.000000 33 1 1 73
i1 0.000000 12.000000 34 1 1 73
i1 0.000000 12.000000 36 1 1 73
i1 0.000000 12.000000 36 1 1 73
i1 0.000000 12.000000 1 1 1 75
i1 0.000000 12.000000 2 1 1 75
i1 0.000000 12.000000 2 1 1 75
i1 0.000000 12.000000 3 1 1 75
i1 0.000000 12.000000 3 1 1 75
i1 0.000000 12.000000 4 1 1 75
i1 0.000000 12.000000 19 1 1 75
i1 0.000000 12.000000 20 1 1 75
i1 0.000000 12.000000 20 1 1 75
i1 0.000000 12.000000 21 1 1 75
i1 0.000000 12.000000 24 1 1 75
i1 0.000000 12.000000 25 1 1 75
i1 0.000000 12.000000 25 1 1 75
i1 0.000000 12.000000 26 1 1 75
i1 0.000000 12.000000 32 1 1 75
i1 0.000000 12.000000 33 1 1 75
i1 0.000000 12.000000 33 1 1 75
i1 0.000000 12.000000 34 1 1 75
i1 0.000000 12.000000 36 1 1 75
i1 0.000000 12.000000 36 1 1 75
i1 0.000000 12.000000 2 1 1 77
i1 0.000000 12.000000 2 1 1 77
i1 0.000000 12.000000 3 1 1 77
i1 0.000000 12.000000 3 1 1 77
i1 0.000000 12.000000 4 1 1 77
i1 0.000000 12.000000 4 1 1 77
i1 0.000000 12.000000 32 1 1 77
i1 0.000000 12.000000 33 1 1 77
i1 0.000000 12.000000 33 1 1 77
i1 0.000000 12.000000 34 1 1 77
i1 0.000000 12.000000 36 1 1 77
i1 0.000000 12.000000 36 1 1 77
i1 0.000000 12.000000 2 1 1 79
i1 0.000000 12.000000 3 1 1 79
i1 0.000000 12.000000 3 1 1 79
i1 0.000000 12.000000 4 1 1 79
i1 0.000000 12.000000 4 1 1 79
i1 0.000000 12.000000 5 1 1 79
i1 0.000000 12.000000 32 1 1 79
i1 0.000000 12.000000 33 1 1 79
i1 0.000000 12.000000 33 1 1 79
i1 0.000000 12.000000 36 1 1 79
i1 0.000000 12.000000 2 1 1 80
i1 0.000000 12.000000 3 1 1 80
i1 0.000000 12.000000 3 1 1 80
i1 0.000000 12.000000 4 1 1 80
i1 0.000000 12.000000 4 1 1 80
i1 0.000000 12.000000 5 1 1 80
i1 0.000000 12.000000 5 1 1 80
i1 0.000000 12.000000 6 1 1 80
i1 0.000000 12.000000 32 1 1 80
i1 0.000000 12.000000 33 1 1 80
i1 0.000000 12.000000 33 1 1 80
i1 0.000000 12.000000 36 1 1 80
i1 0.000000 12.000000 3 1 1 82
i1 0.000000 12.000000 3 1 1 82
i1 0.000000 12.000000 4 1 1 82
i1 0.000000 12.000000 4 1 1 82
i1 0.000000 12.000000 5 1 1 82
i1 0.000000 12.000000 5 1 1 82
i1 0.000000 12.000000 6 1 1 82
i1 0.000000 12.000000 6 1 1 82
i1 0.000000 12.000000 7 1 1 82
i1 0.000000 12.000000 7 1 1 82
i1 0.000000 12.000000 8 1 1 82
i1 0.000000 12.000000 33 1 1 82
i1 0.000000 12.000000 33 1 1 82
i1 0.000000 12.000000 3 1 1 84
i1 0.000000 12.000000 4 1 1 84
i1 0.000000 12.000000 4 1 1 84
i1 0.000000 12.000000 5 1 1 84
i1 0.000000 12.000000 5 1 1 84
i1 0.000000 12.000000 6 1 1 84
i1 0.000000 12.000000 6 1 1 84
i1 0.000000 12.000000 7 1 1 84
i1 0.000000 12.000000 7 1 1 84
i1 0.000000 12.000000 8 1 1 84
i1 0.000000 12.000000 8 1 1 84
i1 0.000000 12.000000 35 1 1 84
i1 0.000000 12.000000 35 1 1 84
i1 0.000000 12.000000 4 1 1 86
i1 0.000000 12.000000 4 1 1 86
i1 0.000000 12.000000 5 1 1 86
i1 0.000000 12.000000 5 1 1 86
i1 0.000000 12.000000 6 1 1 86
i1 0.000000 12.000000 6 1 1 86
i1 0.000000 12.000000 7 1 1 86
i1 0.000000 12.000000 7 1 1 86
i1 0.000000 12.000000 8 1 1 86
i1 0.000000 12.000000 8 1 1 86
i1 0.000000 12.000000 28 1 1 86
i1 0.000000 12.000000 34 1 1 86
i1 0.000000 12.000000 35 1 1 86
i1 0.000000 12.000000 35 1 1 86
i1 0.000000 12.000000 4 1 1 88
i1 0.000000 12.000000 4 1 1 88
i1 0.000000 12.000000 5 1 1 88
i1 0.000000 12.000000 5 1 1 88
i1 0.000000 12.000000 6 1 1 88
i1 0.000000 12.000000 6 1 1 88
i1 0.000000 12.000000 7 1 1 88
i1 0.000000 12.000000 7 1 1 88
i1 0.000000 12.000000 8 1 1 88
i1 0.000000 12.000000 8 1 1 88
i1 0.000000 12.000000 28 1 1 88
i1 0.000000 12.000000 32 1 1 88
i1 0.000000 12.000000 34 1 1 88
i1 0.000000 12.000000 34 1 1 88
i1 0.000000 12.000000 35 1 1 88
i1 0.000000 12.000000 35 1 1 88
i1 0.000000 12.000000 3 1 1 90
i1 0.000000 12.000000 4 1 1 90
i1 0.000000 12.000000 4 1 1 90
i1 0.000000 12.000000 5 1 1 90
i1 0.000000 12.000000 5 1 1 90
i1 0.000000 12.000000 6 1 1 90
i1 0.000000 12.000000 6 1 1 90
i1 0.000000 12.000000 7 1 1 90
i1 0.000000 12.000000 7 1 1 90
i1 0.000000 12.000000 8 1 1 90
i1 0.000000 12.000000 8 1 1 90
i1 0.000000 12.000000 9 1 1 90
i1 0.000000 12.000000 31 1 1 90
i1 0.000000 12.000000 32 1 1 90
i1 0.000000 12.000000 32 1 1 90
i1 0.000000 12.000000 33 1 1 90
i1 0.000000 12.000000 33 1 1 90
i1 0.000000 12.000000 34 1 1 90
i1 0.000000 12.000000 34 1 1 90
i1 0.000000 12.000000 35 1 1 90
i1 0.000000 12.000000 35 1 1 90
i1 0.000000 12.000000 3 1 1 92
i1 0.000000 12.000000 4 1 1 92
i1 0.000000 12.000000 4 1 1 92
i1 0.000000 12.000000 5 1 1 92
i1 0.000000 12.000000 5 1 1 92
i1 0.000000 12.000000 6 1 1 92
i1 0.000000 12.000000 6 1 1 92
i1 0.000000 12.000000 7 1 1 92
i1 0.000000 12.000000 7 1 1 92
i1 0.000000 12.000000 8 1 1 92
i1 0.000000 12.000000 8 1 1 92
i1 0.000000 12.000000 9 1 1 92
i1 0.000000 12.000000 14 1 1 92
i1 0.000000 12.000000 15 1 1 92
i1 0.000000 12.000000 15 1 1 92
i1 0.000000 12.000000 29 1 1 92
i1 0.000000 12.000000 30 1 1 92
i1 0.000000 12.000000 31 1 1 92
i1 0.000000 12.000000 31 1 1 92
i1 0.000000 12.000000 32 1 1 92
i1 0.000000 12.000000 32 1 1 92
i1 0.000000 12.000000 33 1 1 92
i1 0.000000 12.000000 33 1 1 92
i1 0.000000 12.000000 34 1 1 92
i1 0.000000 12.000000 34 1 1 92
i1 0.000000 12.000000 35 1 1 92
i1 0.000000 12.000000 4 1 1 94
i1 0.000000 12.000000 4 1 1 94
i1 0.000000 12.000000 5 1 1 94
i1 0.000000 12.000000 5 1 1 94
i1 0.000000 12.000000 6 1 1 94
i1 0.000000 12.000000 6 1 1 94
i1 0.000000 12.000000 7 1 1 94
i1 0.000000 12.000000 7 1 1 94
i1 0.000000 12.000000 8 1 1 94
i1 0.000000 12.000000 8 1 1 94
i1 0.000000 12.000000 9 1 1 94
i1 0.000000 12.000000 9 1 1 94
i1 0.000000 12.000000 10 1 1 94
i1 0.000000 12.000000 10 1 1 94
i1 0.000000 12.000000 11 1 1 94
i1 0.000000 12.000000 11 1 1 94
i1 0.000000 12.000000 12 1 1 94
i1 0.000000 12.000000 12 1 1 94
i1 0.000000 12.000000 13 1 1 94
i1 0.000000 12.000000 13 1 1 94
i1 0.000000 12.000000 14 1 1 94
i1 0.000000 12.000000 14 1 1 94
i2 0.000000 12.000000 15 1 2 94
i1 0.000000 12.000000 15 1 1 94
i1 0.000000 12.000000 16 1 1 94
i1 0.000000 12.000000 29 1 1 94
i1 0.000000 12.000000 29 1 1 94
i1 0.000000 12.000000 30 1 1 94
i1 0.000000 12.000000 30 1 1 94
i1 0.000000 12.000000 31 1 1 94
i1 0.000000 12.000000 31 1 1 94
i1 0.000000 12.000000 32 1 1 94
i1 0.000000 12.000000 32 1 1 94
i1 0.000000 12.000000 33 1 1 94
i1 0.000000 12.000000 34 1 1 94
i1 0.000000 12.000000 34 1 1 94
i1 0.000000 12.000000 4 1 1 95
i1 0.000000 12.000000 5 1 1 95
i1 0.000000 12.000000 5 1 1 95
i1 0.000000 12.000000 6 1 1 95
i1 0.000000 12.000000 6 1 1 95
i1 0.000000 12.000000 7 1 1 95
i1 0.000000 12.000000 7 1 1 95
i1 0.000000 12.000000 8 1 1 95
i1 0.000000 12.000000 8 1 1 95
i1 0.000000 12.000000 9 1 1 95
i1 0.000000 12.000000 9 1 1 95
i1 0.000000 12.000000 10 1 1 95
i1 0.000000 12.000000 10 1 1 95
i1 0.000000 12.000000 11 1 1 95
i1 0.000000 12.000000 11 1 1 95
i1 0.000000 12.000000 12 1 1 95
i1 0.000000 12.000000 12 1 1 95
i1 0.000000 12.000000 13 1 1 95
i1 0.000000 12.000000 13 1 1 95
i2 0.000000 12.000000 14 1 2 95
i2 0.000000 12.000000 14 1 2 95
i2 0.000000 12.000000 15 1 2 95
i2 0.000000 12.000000 15 1 2 95
i1 0.000000 12.000000 16 1 1 95
i1 0.000000 12.000000 20 1 1 95
i1 0.000000 12.000000 20 1 1 95
i1 0.000000 12.000000 21 1 1 95
i1 0.000000 12.000000 30 1 1 95
i1 0.000000 12.000000 31 1 1 95
i1 0.000000 12.000000 31 1 1 95
i1 0.000000 12.000000 32 1 1 95
i1 0.000000 12.000000 32 1 1 95
i1 0.000000 12.000000 33 1 1 95
i1 0.000000 12.000000 5 1 1 97
i1 0.000000 12.000000 6 1 1 97
i1 0.000000 12.000000 6 1 1 97
i1 0.000000 12.000000 7 1 1 97
i1 0.000000 12.000000 7 1 1 97
i1 0.000000 12.000000 8 1 1 97
i1 0.000000 12.000000 8 1 1 97
i1 0.000000 12.000000 9 1 1 97
i1 0.000000 12.000000 9 1 1 97
i1 0.000000 12.000000 10 1 1 97
i1 0.000000 12.000000 10 1 1 97
i2 0.000000 12.000000 11 1 2 97
i1 0.000000 12.000000 11 1 1 97
i1 0.000000 12.000000 12 1 1 97
i1 0.000000 12.000000 12 1 1 97
i1 0.000000 12.000000 13 1 1 97
i2 0.000000 12.000000 13 1 2 97
i2 0.000000 12.000000 14 1 2 97
i3 0.000000 12.000000 14 1 3 97
i3 0.000000 12.000000 15 1 3 97
i2 0.000000 12.000000 15 1 2 97
i1 0.000000 12.000000 16 1 1 97
i1 0.000000 12.000000 16 1 1 97
i1 0.000000 12.000000 19 1 1 97
i1 0.000000 12.000000 20 1 1 97
i1 0.000000 12.000000 20 1 1 97
i1 0.000000 12.000000 21 1 1 97
i1 0.000000 12.000000 21 1 1 97
i1 0.000000 12.000000 27 1 1 97
i1 0.000000 12.000000 27 1 1 97
i1 0.000000 12.000000 28 1 1 97
i1 0.000000 12.000000 30 1 1 97
i1 0.000000 12.000000 31 1 1 97
i1 0.000000 12.000000 31 1 1 97
i1 0.000000 12.000000 32 1 1 97
i1 0.000000 12.000000 32 1 1 97
i1 0.000000 12.000000 33 1 1 97
i1 0.000000 12.000000 5 1 1 99
i1 0.000000 12.000000 6 1 1 99
i1 0.000000 12.000000 6 1 1 99
i1 0.000000 12.000000 7 1 1 99
i1 0.000000 12.000000 7 1 1 99
i1 0.000000 12.000000 8 1 1 99
i1 0.000000 12.000000 8 1 1 99
i1 0.000000 12.000000 9 1 1 99
i1 0.000000 12.000000 9 1 1 99
i1 0.000000 12.000000 10 1 1 99
i1 0.000000 12.000000 10 1 1 99
i1 0.000000 12.000000 11 1 1 99
i1 0.000000 12.000000 11 1 1 99
i1 0.000000 12.000000 12 1 1 99
i2 0.000000 12.000000 12 1 2 99
i2 0.000000 12.000000 13 1 2 99
i2 0.000000 12.000000 13 1 2 99
i3 0.000000 12.000000 14 1 3 99
i3 0.000000 12.000000 14 1 3 99
i2 0.000000 12.000000 15 1 2 99
i1 0.000000 12.000000 15 1 1 99
i1 0.000000 12.000000 16 1 1 99
i1 0.000000 12.000000 19 1 1 99
i1 0.000000 12.000000 19 1 1 99
i1 0.000000 12.000000 20 1 1 99
i1 0.000000 12.000000 20 1 1 99
i1 0.000000 12.000000 21 1 1 99
i1 0.000000 12.000000 21 1 1 99
i1 0.000000 12.000000 23 1 1 99
i1 0.000000 12.000000 24 1 1 99
i1 0.000000 12.000000 26 1 1 99
i1 0.000000 12.000000 27 1 1 99
i1 0.000000 12.000000 27 1 1 99
i1 0.000000 12.000000 28 1 1 99
i1 0.000000 12.000000 28 1 1 99
i1 0.000000 12.000000 30 1 1 99
i1 0.000000 12.000000 31 1 1 99
i1 0.000000 12.000000 31 1 1 99
i1 0.000000 12.000000 32 1 1 99
i1 0.000000 12.000000 32 1 1 99
i1 0.000000 12.000000 33 1 1 99
i1 0.000000 12.000000 6 1 1 101
i1 0.000000 12.000000 6 1 1 101
i1 0.000000 12.000000 7 1 1 101
i1 0.000000 12.000000 7 1 1 101
i1 0.000000 12.000000 8 1 1 101
i1 0.000000 12.000000 8 1 1 101
i1 0.000000 12.000000 9 1 1 101
i1 0.000000 12.000000 9 1 1 101
i1 0.000000 12.000000 10 1 1 101
i1 0.000000 12.000000 10 1 1 101
i1 0.000000 12.000000 11 1 1 101
i1 0.000000 12.000000 11 1 1 101
i1 0.000000 12.000000 12 1 1 101
i2 0.000000 12.000000 12 1 2 101
i2 0.000000 12.000000 13 1 2 101
i2 0.000000 12.000000 13 1 2 101
i2 0.000000 12.000000 14 1 2 101
i3 0.000000 12.000000 14 1 3 101
i2 0.000000 12.000000 15 1 2 101
i1 0.000000 12.000000 15 1 1 101
i1 0.000000 12.000000 16 1 1 101
i1 0.000000 12.000000 19 1 1 101
i1 0.000000 12.000000 19 1 1 101
i1 0.000000 12.000000 20 1 1 101
i1 0.000000 12.000000 20 1 1 101
i1 0.000000 12.000000 21 1 1 101
i1 0.000000 12.000000 26 1 1 101
i1 0.000000 12.000000 27 1 1 101
i1 0.000000 12.000000 27 1 1 101
i1 0.000000 12.000000 28 1 1 101
i1 0.000000 12.000000 28 1 1 101
i1 0.000000 12.000000 29 1 1 101
i1 0.000000 12.000000 30 1 1 101
i1 0.000000 12.000000 31 1 1 101
i1 0.000000 12.000000 31 1 1 101
i1 0.000000 12.000000 32 1 1 101
i1 0.000000 12.000000 32 1 1 101
i1 0.000000 12.000000 33 1 1 101
i1 0.000000 12.000000 6 1 1 103
i1 0.000000 12.000000 7 1 1 103
i1 0.000000 12.000000 7 1 1 103
i1 0.000000 12.000000 8 1 1 103
i1 0.000000 12.000000 8 1 1 103
i1 0.000000 12.000000 9 1 1 103
i1 0.000000 12.000000 9 1 1 103
i1 0.000000 12.000000 10 1 1 103
i1 0.000000 12.000000 10 1 1 103
i1 0.000000 12.000000 11 1 1 103
i1 0.000000 12.000000 11 1 1 103
i1 0.000000 12.000000 12 1 1 103
i1 0.000000 12.000000 12 1 1 103
i2 0.000000 12.000000 13 1 2 103
i2 0.000000 12.000000 13 1 2 103
i2 0.000000 12.000000 14 1 2 103
i2 0.000000 12.000000 14 1 2 103
i2 0.000000 12.000000 15 1 2 103
i1 0.000000 12.000000 15 1 1 103
i1 0.000000 12.000000 16 1 1 103
i1 0.000000 12.000000 18 1 1 103
i1 0.000000 12.000000 19 1 1 103
i1 0.000000 12.000000 19 1 1 103
i1 0.000000 12.000000 20 1 1 103
i1 0.000000 12.000000 20 1 1 103
i1 0.000000 12.000000 21 1 1 103
i1 0.000000 12.000000 26 1 1 103
i1 0.000000 12.000000 27 1 1 103
i1 0.000000 12.000000 27 1 1 103
i1 0.000000 12.000000 28 1 1 103
i1 0.000000 12.000000 28 1 1 103
i1 0.000000 12.000000 29 1 1 103
i1 0.000000 12.000000 29 1 1 103
i1 0.000000 12.000000 30 1 1 103
i1 0.000000 12.000000 30 1 1 103
i1 0.000000 12.000000 31 1 1 103
i1 0.000000 12.000000 31 1 1 103
i1 0.000000 12.000000 32 1 1 103
i1 0.000000 12.000000 32 1 1 103
i1 0.000000 12.000000 7 1 1 105
i1 0.000000 12.000000 7 1 1 105
i1 0.000000 12.000000 8 1 1 105
i1 0.000000 12.000000 8 1 1 105
i1 0.000000 12.000000 9 1 1 105
i1 0.000000 12.000000 9 1 1 105
i1 0.000000 12.000000 10 1 1 105
i1 0.000000 12.000000 10 1 1 105
i1 0.000000 12.000000 11 1 1 105
i1 0.000000 12.000000 11 1 1 105
i1 0.000000 12.000000 12 1 1 105
i1 0.000000 12.000000 12 1 1 105
i1 0.000000 12.000000 13 1 1 105
i2 0.000000 12.000000 13 1 2 105
i2 0.000000 12.000000 14 1 2 105
i2 0.000000 12.000000 14 1 2 105
i2 0.000000 12.000000 15 1 2 105
i1 0.000000 12.000000 15 1 1 105
i1 0.000000 12.000000 16 1 1 105
i1 0.000000 12.000000 18 1 1 105
i1 0.000000 12.000000 19 1 1 105
i1 0.000000 12.000000 20 1 1 105
i1 0.000000 12.000000 20 1 1 105
i1 0.000000 12.000000 21 1 1 105
i1 0.000000 12.000000 26 1 1 105
i1 0.000000 12.000000 27 1 1 105
i1 0.000000 12.000000 27 1 1 105
i1 0.000000 12.000000 28 1 1 105
i1 0.000000 12.000000 28 1 1 105
i1 0.000000 12.000000 29 1 1 105
i1 0.000000 12.000000 29 1 1 105
i1 0.000000 12.000000 30 1 1 105
i1 0.000000 12.000000 30 1 1 105
i1 0.000000 12.000000 31 1 1 105
i1 0.000000 12.000000 31 1 1 105
i1 0.000000 12.000000 32 1 1 105
i1 0.000000 12.000000 32 1 1 105
i1 0.000000 12.000000 7 1 1 107
i1 0.000000 12.000000 8 1 1 107
i1 0.000000 12.000000 8 1 1 107
i1 0.000000 12.000000 9 1 1 107
i1 0.000000 12.000000 9 1 1 107
i1 0.000000 12.000000 10 1 1 107
i1 0.000000 12.000000 10 1 1 107
i1 0.000000 12.000000 11 1 1 107
i1 0.000000 12.000000 11 1 1 107
i1 0.000000 12.000000 12 1 1 107
i1 0.000000 12.000000 12 1 1 107
i1 0.000000 12.000000 13 1 1 107
i1 0.000000 12.000000 13 1 1 107
i1 0.000000 12.000000 14 1 1 107
i1 0.000000 12.000000 14 1 1 107
i1 0.000000 12.000000 15 1 1 107
i1 0.000000 12.000000 15 1 1 107
i1 0.000000 12.000000 16 1 1 107
i1 0.000000 12.000000 18 1 1 107
i1 0.000000 12.000000 18 1 1 107
i1 0.000000 12.000000 19 1 1 107
i1 0.000000 12.000000 19 1 1 107
i1 0.000000 12.000000 20 1 1 107
i1 0.000000 12.000000 20 1 1 107
i1 0.000000 12.000000 21 1 1 107
i1 0.000000 12.000000 26 1 1 107
i1 0.000000 12.000000 27 1 1 107
i1 0.000000 12.000000 27 1 1 107
i1 0.000000 12.000000 28 1 1 107
i1 0.000000 12.000000 28 1 1 107
i1 0.000000 12.000000 29 1 1 107
i1 0.000000 12.000000 29 1 1 107
i1 0.000000 12.000000 30 1 1 107
i1 0.000000 12.000000 30 1 1 107
i1 0.000000 12.000000 31 1 1 107
i1 0.000000 12.000000 31 1 1 107
i1 0.000000 12.000000 32 1 1 107
i1 0.000000 12.000000 8 1 1 109
i1 0.000000 12.000000 9 1 1 109
i1 0.000000 12.000000 9 1 1 109
i1 0.000000 12.000000 10 1 1 109
i1 0.000000 12.000000 10 1 1 109
i1 0.000000 12.000000 11 1 1 109
i1 0.000000 12.000000 11 1 1 109
i1 0.000000 12.000000 12 1 1 109
i1 0.000000 12.000000 12 1 1 109
i1 0.000000 12.000000 13 1 1 109
i1 0.000000 12.000000 13 1 1 109
i1 0.000000 12.000000 14 1 1 109
i1 0.000000 12.000000 14 1 1 109
i1 0.000000 12.000000 15 1 1 109
i1 0.000000 12.000000 15 1 1 109
i1 0.000000 12.000000 16 1 1 109
i1 0.000000 12.000000 18 1 1 109
i1 0.000000 12.000000 18 1 1 109
i1 0.000000 12.000000 19 1 1 109
i1 0.000000 12.000000 19 1 1 109
i1 0.000000 12.000000 20 1 1 109
i1 0.000000 12.000000 20 1 1 109
i1 0.000000 12.000000 24 1 1 109
i1 0.000000 12.000000 25 1 1 109
i1 0.000000 12.000000 26 1 1 109
i1 0.000000 12.000000 26 1 1 109
i1 0.000000 12.000000 27 1 1 109
i1 0.000000 12.000000 28 1 1 109
i1 0.000000 12.000000 28 1 1 109
i1 0.000000 12.000000 29 1 1 109
i1 0.000000 12.000000 29 1 1 109
i1 0.000000 12.000000 30 1 1 109
i1 0.000000 12.000000 30 1 1 109
i1 0.000000 12.000000 31 1 1 109
i1 0.000000 12.000000 31 1 1 109
i1 0.000000 12.000000 32 1 1 109
i1 0.000000 12.000000 9 1 1 111
i1 0.000000 12.000000 9 1 1 111
i1 0.000000 12.000000 10 1 1 111
i1 0.000000 12.000000 10 1 1 111
i1 0.000000 12.000000 11 1 1 111
i1 0.000000 12.000000 11 1 1 111
i1 0.000000 12.000000 12 1 1 111
i1 0.000000 12.000000 12 1 1 111
i1 0.000000 12.000000 13 1 1 111
i1 0.000000 12.000000 13 1 1 111
i1 0.000000 12.000000 14 1 1 111
i1 0.000000 12.000000 14 1 1 111
i1 0.000000 12.000000 15 1 1 111
i1 0.000000 12.000000 15 1 1 111
i1 0.000000 12.000000 16 1 1 111
i1 0.000000 12.000000 16 1 1 111
i1 0.000000 12.000000 17 1 1 111
i1 0.000000 12.000000 18 1 1 111
i1 0.000000 12.000000 18 1 1 111
i1 0.000000 12.000000 19 1 1 111
i1 0.000000 12.000000 19 1 1 111
i1 0.000000 12.000000 20 1 1 111
i1 0.000000 12.000000 20 1 1 111
i1 0.000000 12.000000 21 1 1 111
i1 0.000000 12.000000 22 1 1 111
i1 0.000000 12.000000 24 1 1 111
i1 0.000000 12.000000 24 1 1 111
i1 0.000000 12.000000 25 1 1 111
i1 0.000000 12.000000 25 1 1 111
i1 0.000000 12.000000 26 1 1 111
i1 0.000000 12.000000 27 1 1 111
i1 0.000000 12.000000 28 1 1 111
i1 0.000000 12.000000 28 1 1 111
i1 0.000000 12.000000 29 1 1 111
i1 0.000000 12.000000 29 1 1 111
i1 0.000000 12.000000 30 1 1 111
i1 0.000000 12.000000 30 1 1 111
i1 0.000000 12.000000 31 1 1 111
i1 0.000000 12.000000 31 1 1 111
i1 0.000000 12.000000 10 1 1 112
i1 0.000000 12.000000 11 1 1 112
i1 0.000000 12.000000 11 1 1 112
i1 0.000000 12.000000 12 1 1 112
i1 0.000000 12.000000 12 1 1 112
i1 0.000000 12.000000 13 1 1 112
i1 0.000000 12.000000 13 1 1 112
i1 0.000000 12.000000 14 1 1 112
i1 0.000000 12.000000 14 1 1 112
i1 0.000000 12.000000 15 1 1 112
i1 0.000000 12.000000 15 1 1 112
i1 0.000000 12.000000 16 1 1 112
i1 0.000000 12.000000 16 1 1 112
i1 0.000000 12.000000 17 1 1 112
i1 0.000000 12.000000 17 1 1 112
i1 0.000000 12.000000 18 1 1 112
i1 0.000000 12.000000 18 1 1 112
i1 0.000000 12.000000 19 1 1 112
i1 0.000000 12.000000 19 1 1 112
i1 0.000000 12.000000 20 1 1 112
i1 0.000000 12.000000 20 1 1 112
i1 0.000000 12.000000 21 1 1 112
i1 0.000000 12.000000 22 1 1 112
i1 0.000000 12.000000 24 1 1 112
i1 0.000000 12.000000 24 1 1 112
i1 0.000000 12.000000 25 1 1 112
i1 0.000000 12.000000 25 1 1 112
i1 0.000000 12.000000 26 1 1 112
i1 0.000000 12.000000 27 1 1 112
i1 0.000000 12.000000 28 1 1 112
i1 0.000000 12.000000 28 1 1 112
i1 0.000000 12.000000 29 1 1 112
i1 0.000000 12.000000 29 1 1 112
i1 0.000000 12.000000 30 1 1 112
i1 0.000000 12.000000 30 1 1 112
i1 0.000000 12.000000 31 1 1 112
i1 0.000000 12.000000 11 1 1 114
i1 0.000000 12.000000 11 1 1 114
i1 0.000000 12.000000 12 1 1 114
i1 0.000000 12.000000 12 1 1 114
i1 0.000000 12.000000 13 1 1 114
i1 0.000000 12.000000 14 1 1 114
i1 0.000000 12.000000 15 1 1 114
i1 0.000000 12.000000 15 1 1 114
i1 0.000000 12.000000 16 1 1 114
i1 0.000000 12.000000 16 1 1 114
i1 0.000000 12.000000 17 1 1 114
i1 0.000000 12.000000 17 1 1 114
i1 0.000000 12.000000 18 1 1 114
i1 0.000000 12.000000 18 1 1 114
i1 0.000000 12.000000 19 1 1 114
i1 0.000000 12.000000 19 1 1 114
i1 0.000000 12.000000 20 1 1 114
i1 0.000000 12.000000 21 1 1 114
i1 0.000000 12.000000 24 1 1 114
i1 0.000000 12.000000 24 1 1 114
i1 0.000000 12.000000 25 1 1 114
i1 0.000000 12.000000 25 1 1 114
i1 0.000000 12.000000 26 1 1 114
i1 0.000000 12.000000 27 1 1 114
i1 0.000000 12.000000 27 1 1 114
i1 0.000000 12.000000 28 1 1 114
i1 0.000000 12.000000 28 1 1 114
i1 0.000000 12.000000 29 1 1 114
i1 0.000000 12.000000 30 1 1 114
i1 0.000000 12.000000 30 1 1 114
i1 0.000000 12.000000 14 1 1 116
i1 0.000000 12.000000 15 1 1 116
i1 0.000000 12.000000 15 1 1 116
i1 0.000000 12.000000 16 1 1 116
i1 0.000000 12.000000 16 1 1 116
i1 0.000000 12.000000 17 1 1 116
i1 0.000000 12.000000 17 1 1 116
i1 0.000000 12.000000 18 1 1 116
i1 0.000000 12.000000 18 1 1 116
i1 0.000000 12.000000 19 1 1 116
i1 0.000000 12.000000 19 1 1 116
i1 0.000000 12.000000 20 1 1 116
i1 0.000000 12.000000 20 1 1 116
i1 0.000000 12.000000 21 1 1 116
i1 0.000000 12.000000 21 1 1 116
i1 0.000000 12.000000 24 1 1 116
i1 0.000000 12.000000 24 1 1 116
i1 0.000000 12.000000 25 1 1 116
i1 0.000000 12.000000 25 1 1 116
i1 0.000000 12.000000 26 1 1 116
i1 0.000000 12.000000 26 1 1 116
i1 0.000000 12.000000 27 1 1 116
i1 0.000000 12.000000 27 1 1 116
i1 0.000000 12.000000 28 1 1 116
i1 0.000000 12.000000 15 1 1 118
i1 0.000000 12.000000 15 1 1 118
i1 0.000000 12.000000 16 1 1 118
i1 0.000000 12.000000 16 1 1 118
i1 0.000000 12.000000 17 1 1 118
i1 0.000000 12.000000 17 1 1 118
i1 0.000000 12.000000 18 1 1 118
i1 0.000000 12.000000 18 1 1 118
i1 0.000000 12.000000 19 1 1 118
i1 0.000000 12.000000 19 1 1 118
i1 0.000000 12.000000 20 1 1 118
i1 0.000000 12.000000 20 1 1 118
i1 0.000000 12.000000 21 1 1 118
i1 0.000000 12.000000 21 1 1 118
i1 0.000000 12.000000 24 1 1 118
i1 0.000000 12.000000 24 1 1 118
i1 0.000000 12.000000 25 1 1 118
i1 0.000000 12.000000 25 1 1 118
i1 0.000000 12.000000 26 1 1 118
i1 0.000000 12.000000 26 1 1 118
i1 0.000000 12.000000 27 1 1 118
i1 0.000000 12.000000 27 1 1 118
i1 0.000000 12.000000 15 1 1 120
i1 0.000000 12.000000 15 1 1 120
i1 0.000000 12.000000 16 1 1 120
i1 0.000000 12.000000 16 1 1 120
i1 0.000000 12.000000 17 1 1 120
i1 0.000000 12.000000 17 1 1 120
i1 0.000000 12.000000 18 1 1 120
i1 0.000000 12.000000 18 1 1 120
i1 0.000000 12.000000 19 1 1 120
i1 0.000000 12.000000 19 1 1 120
i1 0.000000 12.000000 20 1 1 120
i1 0.000000 12.000000 20 1 1 120
i1 0.000000 12.000000 21 1 1 120
i1 0.000000 12.000000 21 1 1 120
i1 0.000000 12.000000 22 1 1 120
i1 0.000000 12.000000 25 1 1 120
i1 0.000000 12.000000 25 1 1 120
i1 0.000000 12.000000 26 1 1 120
i1 0.000000 12.000000 26 1 1 120
i1 0.000000 12.000000 15 1 1 122
i1 0.000000 12.000000 16 1 1 122
i1 0.000000 12.000000 16 1 1 122
i1 0.000000 12.000000 18 1 1 122
i1 0.000000 12.000000 19 1 1 122
i1 0.000000 12.000000 19 1 1 122
i1 0.000000 12.000000 20 1 1 122
i1 0.000000 12.000000 20 1 1 122
i1 0.000000 12.000000 21 1 1 122
i1 0.000000 12.000000 21 1 1 122
i1 0.000000 12.000000 22 1 1 122
i1 0.000000 12.000000 25 1 1 122
i1 0.000000 12.000000 26 1 1 122
i1 0.000000 12.000000 19 1 1 124
i1 0.000000 12.000000 19 1 1 124
i1 0.000000 12.000000 20 1 1 124
i1 0.000000 12.000000 20 1 1 124
i1 0.000000 12.000000 21 1 1 124
i1 0.000000 12.000000 21 1 1 124
i1 0.000000 12.000000 22 1 1 124

</CsScore>
</CsoundSynthesizer>
