; James Keary - FROM THE HEADER FILE!
; General Midi Testing File - Write out Midi files for loading into a DAW, 
; can open output midi file (located in your username file) in Sibelius, 
; Finale, and Logic.  If opening in Finale, make sure to check the box 
; \"Channels Become Staves\" under import midi file options, so that the 
; channels will be split into different instruments. 
<CsoundSynthesizer>
<CsOptions>
-t60 -g -d -m0 -n
; -m0 suppresses f-tables displaying in terminal, --nosound no sound files 
; written, just a midi file written to your username file. 
</CsOptions>
<CsInstruments>

sr		=	44100
ksmps	=	100
nchnls	=	2
0dbfs	= 	1

#include "../CsoundFiles/Chromatic.txt"
;
#include "../CsoundFiles/MIDI.txt"
;
giVelocities ftgen 0, 0, -8, -2, 87, 88, 89, 90, 91, 92, 93, 94

$MIDI(1)
$MIDI(2)
$MIDI(3)
$MIDI(4)

</CsInstruments>
<CsScore>
; p1 - instrument, p2 - start time, p3 - duration, p4 - note index, p5 - velocity, p6 - channel number p7 - pan (btwn 0 and 127, where 64 is dead center, 0 is hard left and 127 is hard right)
i3 0.000000 12.000000 17 1 3 0
i3 0.000000 12.000000 18 1 3 0
i3 0.000000 12.000000 17 1 3 0
i3 0.000000 12.000000 16 1 3 1
i3 0.000000 12.000000 19 1 3 1
i3 0.000000 12.000000 19 1 3 1
i3 0.000000 12.000000 19 1 3 1
i3 0.000000 12.000000 21 1 3 1
i3 0.000000 12.000000 22 1 3 1
i3 0.000000 12.000000 22 1 3 1
i3 0.000000 12.000000 20 1 3 1
i3 0.000000 12.000000 17 1 3 1
i3 0.000000 12.000000 17 1 3 3
i3 0.000000 12.000000 23 1 3 3
i3 0.000000 12.000000 25 1 3 3
i3 0.000000 12.000000 24 1 3 3
i3 0.000000 12.000000 23 1 3 3
i3 0.000000 12.000000 24 1 3 3
i3 0.000000 12.000000 24 1 3 3
i3 0.000000 12.000000 24 1 3 3
i3 0.000000 12.000000 23 1 3 3
i3 0.000000 12.000000 20 1 3 3
i3 0.000000 12.000000 17 1 3 3
i3 0.000000 12.000000 20 1 3 5
i3 0.000000 12.000000 26 1 3 5
i3 0.000000 12.000000 28 1 3 5
i3 0.000000 12.000000 27 1 3 5
i3 0.000000 12.000000 26 1 3 5
i3 0.000000 12.000000 25 1 3 5
i3 0.000000 12.000000 25 1 3 5
i3 0.000000 12.000000 25 1 3 5
i3 0.000000 12.000000 24 1 3 5
i3 0.000000 12.000000 23 1 3 5
i3 0.000000 12.000000 20 1 3 5
i3 0.000000 12.000000 16 1 3 5
i3 0.000000 12.000000 22 1 3 7
i3 0.000000 12.000000 26 1 3 7
i3 0.000000 12.000000 27 1 3 7
i3 0.000000 12.000000 28 1 3 7
i3 0.000000 12.000000 27 1 3 7
i3 0.000000 12.000000 27 1 3 7
i3 0.000000 12.000000 26 1 3 7
i3 0.000000 12.000000 25 1 3 7
i3 0.000000 12.000000 25 1 3 7
i3 0.000000 12.000000 25 1 3 7
i3 0.000000 12.000000 23 1 3 7
i3 0.000000 12.000000 20 1 3 7
i4 0.000000 12.000000 17 1 4 7
i3 0.000000 12.000000 17 1 3 9
i3 0.000000 12.000000 17 1 3 9
i3 0.000000 12.000000 22 1 3 9
i3 0.000000 12.000000 25 1 3 9
i3 0.000000 12.000000 26 1 3 9
i3 0.000000 12.000000 26 1 3 9
i3 0.000000 12.000000 26 1 3 9
i3 0.000000 12.000000 28 1 3 9
i3 0.000000 12.000000 27 1 3 9
i3 0.000000 12.000000 26 1 3 9
i3 0.000000 12.000000 25 1 3 9
i3 0.000000 12.000000 25 1 3 9
i3 0.000000 12.000000 24 1 3 9
i3 0.000000 12.000000 22 1 3 9
i4 0.000000 12.000000 19 1 4 9
i4 0.000000 12.000000 17 1 4 9
i4 0.000000 12.000000 16 1 4 9
i4 0.000000 12.000000 17 1 4 9
i4 0.000000 12.000000 18 1 4 9
i4 0.000000 12.000000 16 1 4 9
i3 0.000000 12.000000 17 1 3 11
i3 0.000000 12.000000 17 1 3 11
i3 0.000000 12.000000 18 1 3 11
i3 0.000000 12.000000 17 1 3 11
i3 0.000000 12.000000 17 1 3 11
i3 0.000000 12.000000 21 1 3 11
i3 0.000000 12.000000 23 1 3 11
i3 0.000000 12.000000 24 1 3 11
i3 0.000000 12.000000 24 1 3 11
i3 0.000000 12.000000 25 1 3 11
i3 0.000000 12.000000 28 1 3 11
i3 0.000000 12.000000 29 1 3 11
i3 0.000000 12.000000 27 1 3 11
i3 0.000000 12.000000 26 1 3 11
i3 0.000000 12.000000 25 1 3 11
i3 0.000000 12.000000 24 1 3 11
i3 0.000000 12.000000 23 1 3 11
i3 0.000000 12.000000 20 1 3 11
i4 0.000000 12.000000 17 1 4 11
i4 0.000000 12.000000 17 1 4 11
i4 0.000000 12.000000 18 1 4 11
i4 0.000000 12.000000 18 1 4 11
i4 0.000000 12.000000 17 1 4 11
i3 0.000000 12.000000 17 1 3 13
i3 0.000000 12.000000 18 1 3 13
i3 0.000000 12.000000 18 1 3 13
i3 0.000000 12.000000 19 1 3 13
i3 0.000000 12.000000 18 1 3 13
i3 0.000000 12.000000 17 1 3 13
i3 0.000000 12.000000 17 1 3 13
i3 0.000000 12.000000 20 1 3 13
i3 0.000000 12.000000 22 1 3 13
i3 0.000000 12.000000 23 1 3 13
i3 0.000000 12.000000 23 1 3 13
i3 0.000000 12.000000 23 1 3 13
i3 0.000000 12.000000 26 1 3 13
i3 0.000000 12.000000 29 1 3 13
i3 0.000000 12.000000 29 1 3 13
i3 0.000000 12.000000 27 1 3 13
i3 0.000000 12.000000 25 1 3 13
i3 0.000000 12.000000 24 1 3 13
i3 0.000000 12.000000 23 1 3 13
i3 0.000000 12.000000 21 1 3 13
i4 0.000000 12.000000 19 1 4 13
i4 0.000000 12.000000 17 1 4 13
i4 0.000000 12.000000 17 1 4 13
i4 0.000000 12.000000 18 1 4 13
i4 0.000000 12.000000 17 1 4 13
i3 0.000000 12.000000 17 1 3 15
i3 0.000000 12.000000 17 1 3 15
i3 0.000000 12.000000 17 1 3 15
i3 0.000000 12.000000 18 1 3 15
i3 0.000000 12.000000 19 1 3 15
i3 0.000000 12.000000 18 1 3 15
i3 0.000000 12.000000 18 1 3 15
i3 0.000000 12.000000 19 1 3 15
i3 0.000000 12.000000 22 1 3 15
i3 0.000000 12.000000 23 1 3 15
i3 0.000000 12.000000 22 1 3 15
i3 0.000000 12.000000 21 1 3 15
i3 0.000000 12.000000 23 1 3 15
i3 0.000000 12.000000 26 1 3 15
i3 0.000000 12.000000 29 1 3 15
i3 0.000000 12.000000 29 1 3 15
i3 0.000000 12.000000 26 1 3 15
i3 0.000000 12.000000 25 1 3 15
i3 0.000000 12.000000 23 1 3 15
i3 0.000000 12.000000 22 1 3 15
i3 0.000000 12.000000 20 1 3 15
i4 0.000000 12.000000 19 1 4 15
i4 0.000000 12.000000 18 1 4 15
i4 0.000000 12.000000 18 1 4 15
i4 0.000000 12.000000 17 1 4 15
i4 0.000000 12.000000 16 1 4 15
i3 0.000000 12.000000 17 1 3 17
i3 0.000000 12.000000 17 1 3 17
i3 0.000000 12.000000 18 1 3 17
i3 0.000000 12.000000 18 1 3 17
i3 0.000000 12.000000 19 1 3 17
i3 0.000000 12.000000 19 1 3 17
i3 0.000000 12.000000 18 1 3 17
i3 0.000000 12.000000 20 1 3 17
i3 0.000000 12.000000 22 1 3 17
i3 0.000000 12.000000 23 1 3 17
i3 0.000000 12.000000 22 1 3 17
i3 0.000000 12.000000 20 1 3 17
i3 0.000000 12.000000 20 1 3 17
i3 0.000000 12.000000 23 1 3 17
i3 0.000000 12.000000 27 1 3 17
i3 0.000000 12.000000 29 1 3 17
i3 0.000000 12.000000 28 1 3 17
i3 0.000000 12.000000 26 1 3 17
i3 0.000000 12.000000 23 1 3 17
i3 0.000000 12.000000 21 1 3 17
i3 0.000000 12.000000 20 1 3 17
i4 0.000000 12.000000 19 1 4 17
i4 0.000000 12.000000 18 1 4 17
i4 0.000000 12.000000 18 1 4 17
i4 0.000000 12.000000 18 1 4 17
i4 0.000000 12.000000 17 1 4 17
i4 0.000000 12.000000 16 1 4 17
i4 0.000000 12.000000 16 1 4 17
i3 0.000000 12.000000 17 1 3 19
i3 0.000000 12.000000 17 1 3 19
i3 0.000000 12.000000 18 1 3 19
i3 0.000000 12.000000 18 1 3 19
i3 0.000000 12.000000 18 1 3 19
i3 0.000000 12.000000 18 1 3 19
i3 0.000000 12.000000 18 1 3 19
i3 0.000000 12.000000 18 1 3 19
i3 0.000000 12.000000 20 1 3 19
i3 0.000000 12.000000 22 1 3 19
i3 0.000000 12.000000 24 1 3 19
i3 0.000000 12.000000 23 1 3 19
i3 0.000000 12.000000 20 1 3 19
i3 0.000000 12.000000 19 1 3 19
i3 0.000000 12.000000 20 1 3 19
i3 0.000000 12.000000 24 1 3 19
i3 0.000000 12.000000 27 1 3 19
i3 0.000000 12.000000 29 1 3 19
i3 0.000000 12.000000 28 1 3 19
i3 0.000000 12.000000 24 1 3 19
i3 0.000000 12.000000 22 1 3 19
i3 0.000000 12.000000 20 1 3 19
i4 0.000000 12.000000 19 1 4 19
i4 0.000000 12.000000 18 1 4 19
i4 0.000000 12.000000 17 1 4 19
i4 0.000000 12.000000 17 1 4 19
i4 0.000000 12.000000 18 1 4 19
i4 0.000000 12.000000 16 1 4 19
i4 0.000000 12.000000 16 1 4 19
i3 0.000000 12.000000 16 1 3 21
i3 0.000000 12.000000 17 1 3 21
i3 0.000000 12.000000 17 1 3 21
i3 0.000000 12.000000 18 1 3 21
i3 0.000000 12.000000 19 1 3 21
i3 0.000000 12.000000 18 1 3 21
i3 0.000000 12.000000 18 1 3 21
i3 0.000000 12.000000 18 1 3 21
i3 0.000000 12.000000 19 1 3 21
i3 0.000000 12.000000 20 1 3 21
i3 0.000000 12.000000 23 1 3 21
i3 0.000000 12.000000 25 1 3 21
i3 0.000000 12.000000 23 1 3 21
i3 0.000000 12.000000 20 1 3 21
i3 0.000000 12.000000 18 1 3 21
i3 0.000000 12.000000 18 1 3 21
i3 0.000000 12.000000 20 1 3 21
i3 0.000000 12.000000 25 1 3 21
i3 0.000000 12.000000 29 1 3 21
i3 0.000000 12.000000 30 1 3 21
i3 0.000000 12.000000 27 1 3 21
i3 0.000000 12.000000 23 1 3 21
i3 0.000000 12.000000 21 1 3 21
i3 0.000000 12.000000 19 1 3 21
i4 0.000000 12.000000 17 1 4 21
i4 0.000000 12.000000 16 1 4 21
i4 0.000000 12.000000 16 1 4 21
i4 0.000000 12.000000 16 1 4 21
i4 0.000000 12.000000 15 1 4 21
i4 0.000000 12.000000 16 1 4 21
i2 0.000000 12.000000 16 1 2 23
i2 0.000000 12.000000 17 1 2 23
i3 0.000000 12.000000 17 1 3 23
i3 0.000000 12.000000 17 1 3 23
i3 0.000000 12.000000 17 1 3 23
i3 0.000000 12.000000 18 1 3 23
i3 0.000000 12.000000 19 1 3 23
i3 0.000000 12.000000 18 1 3 23
i3 0.000000 12.000000 18 1 3 23
i3 0.000000 12.000000 19 1 3 23
i3 0.000000 12.000000 19 1 3 23
i3 0.000000 12.000000 21 1 3 23
i3 0.000000 12.000000 23 1 3 23
i3 0.000000 12.000000 25 1 3 23
i3 0.000000 12.000000 23 1 3 23
i3 0.000000 12.000000 20 1 3 23
i3 0.000000 12.000000 17 1 3 23
i3 0.000000 12.000000 16 1 3 23
i3 0.000000 12.000000 17 1 3 23
i3 0.000000 12.000000 22 1 3 23
i3 0.000000 12.000000 27 1 3 23
i3 0.000000 12.000000 29 1 3 23
i3 0.000000 12.000000 28 1 3 23
i3 0.000000 12.000000 24 1 3 23
i3 0.000000 12.000000 21 1 3 23
i3 0.000000 12.000000 18 1 3 23
i4 0.000000 12.000000 15 1 4 23
i4 0.000000 12.000000 14 1 4 23
i4 0.000000 12.000000 14 1 4 23
i4 0.000000 12.000000 15 1 4 23
i4 0.000000 12.000000 14 1 4 23
i4 0.000000 12.000000 15 1 4 23
i2 0.000000 12.000000 17 1 2 25
i2 0.000000 12.000000 18 1 2 25
i2 0.000000 12.000000 18 1 2 25
i2 0.000000 12.000000 17 1 2 25
i2 0.000000 12.000000 17 1 2 25
i3 0.000000 12.000000 17 1 3 25
i3 0.000000 12.000000 18 1 3 25
i3 0.000000 12.000000 19 1 3 25
i3 0.000000 12.000000 18 1 3 25
i3 0.000000 12.000000 18 1 3 25
i3 0.000000 12.000000 19 1 3 25
i3 0.000000 12.000000 19 1 3 25
i3 0.000000 12.000000 21 1 3 25
i3 0.000000 12.000000 23 1 3 25
i3 0.000000 12.000000 24 1 3 25
i3 0.000000 12.000000 22 1 3 25
i3 0.000000 12.000000 19 1 3 25
i3 0.000000 12.000000 16 1 3 25
i3 0.000000 12.000000 15 1 3 25
i3 0.000000 12.000000 15 1 3 25
i3 0.000000 12.000000 18 1 3 25
i3 0.000000 12.000000 23 1 3 25
i3 0.000000 12.000000 26 1 3 25
i3 0.000000 12.000000 26 1 3 25
i3 0.000000 12.000000 24 1 3 25
i3 0.000000 12.000000 21 1 3 25
i3 0.000000 12.000000 19 1 3 25
i4 0.000000 12.000000 15 1 4 25
i4 0.000000 12.000000 13 1 4 25
i4 0.000000 12.000000 12 1 4 25
i4 0.000000 12.000000 14 1 4 25
i4 0.000000 12.000000 16 1 4 25
i4 0.000000 12.000000 16 1 4 25
i4 0.000000 12.000000 15 1 4 25
i2 0.000000 12.000000 17 1 2 27
i2 0.000000 12.000000 18 1 2 27
i2 0.000000 12.000000 18 1 2 27
i2 0.000000 12.000000 17 1 2 27
i2 0.000000 12.000000 17 1 2 27
i2 0.000000 12.000000 17 1 2 27
i2 0.000000 12.000000 18 1 2 27
i2 0.000000 12.000000 19 1 2 27
i2 0.000000 12.000000 19 1 2 27
i3 0.000000 12.000000 19 1 3 27
i3 0.000000 12.000000 18 1 3 27
i3 0.000000 12.000000 19 1 3 27
i3 0.000000 12.000000 19 1 3 27
i3 0.000000 12.000000 21 1 3 27
i3 0.000000 12.000000 23 1 3 27
i3 0.000000 12.000000 23 1 3 27
i3 0.000000 12.000000 20 1 3 27
i3 0.000000 12.000000 18 1 3 27
i3 0.000000 12.000000 15 1 3 27
i3 0.000000 12.000000 14 1 3 27
i3 0.000000 12.000000 14 1 3 27
i3 0.000000 12.000000 16 1 3 27
i3 0.000000 12.000000 20 1 3 27
i3 0.000000 12.000000 23 1 3 27
i3 0.000000 12.000000 25 1 3 27
i3 0.000000 12.000000 24 1 3 27
i3 0.000000 12.000000 22 1 3 27
i3 0.000000 12.000000 20 1 3 27
i3 0.000000 12.000000 17 1 3 27
i4 0.000000 12.000000 13 1 4 27
i4 0.000000 12.000000 12 1 4 27
i4 0.000000 12.000000 13 1 4 27
i4 0.000000 12.000000 17 1 4 27
i4 0.000000 12.000000 18 1 4 27
i4 0.000000 12.000000 18 1 4 27
i4 0.000000 12.000000 18 1 4 27
i4 0.000000 12.000000 17 1 4 27
i4 0.000000 12.000000 16 1 4 27
i4 0.000000 12.000000 15 1 4 27
i2 0.000000 12.000000 17 1 2 29
i2 0.000000 12.000000 17 1 2 29
i2 0.000000 12.000000 16 1 2 29
i2 0.000000 12.000000 18 1 2 29
i2 0.000000 12.000000 18 1 2 29
i2 0.000000 12.000000 17 1 2 29
i2 0.000000 12.000000 16 1 2 29
i2 0.000000 12.000000 16 1 2 29
i2 0.000000 12.000000 17 1 2 29
i2 0.000000 12.000000 18 1 2 29
i2 0.000000 12.000000 19 1 2 29
i2 0.000000 12.000000 19 1 2 29
i2 0.000000 12.000000 18 1 2 29
i2 0.000000 12.000000 18 1 2 29
i3 0.000000 12.000000 19 1 3 29
i3 0.000000 12.000000 20 1 3 29
i3 0.000000 12.000000 20 1 3 29
i3 0.000000 12.000000 22 1 3 29
i3 0.000000 12.000000 22 1 3 29
i3 0.000000 12.000000 18 1 3 29
i3 0.000000 12.000000 15 1 3 29
i3 0.000000 12.000000 14 1 3 29
i3 0.000000 12.000000 13 1 3 29
i3 0.000000 12.000000 13 1 3 29
i3 0.000000 12.000000 15 1 3 29
i3 0.000000 12.000000 18 1 3 29
i3 0.000000 12.000000 21 1 3 29
i3 0.000000 12.000000 23 1 3 29
i3 0.000000 12.000000 23 1 3 29
i3 0.000000 12.000000 21 1 3 29
i3 0.000000 12.000000 20 1 3 29
i3 0.000000 12.000000 17 1 3 29
i4 0.000000 12.000000 14 1 4 29
i4 0.000000 12.000000 12 1 4 29
i4 0.000000 12.000000 12 1 4 29
i4 0.000000 12.000000 16 1 4 29
i4 0.000000 12.000000 17 1 4 29
i4 0.000000 12.000000 17 1 4 29
i4 0.000000 12.000000 18 1 4 29
i4 0.000000 12.000000 18 1 4 29
i4 0.000000 12.000000 17 1 4 29
i4 0.000000 12.000000 15 1 4 29
i2 0.000000 12.000000 17 1 2 31
i2 0.000000 12.000000 19 1 2 31
i2 0.000000 12.000000 19 1 2 31
i2 0.000000 12.000000 17 1 2 31
i2 0.000000 12.000000 17 1 2 31
i2 0.000000 12.000000 18 1 2 31
i2 0.000000 12.000000 17 1 2 31
i2 0.000000 12.000000 16 1 2 31
i2 0.000000 12.000000 16 1 2 31
i2 0.000000 12.000000 16 1 2 31
i2 0.000000 12.000000 16 1 2 31
i2 0.000000 12.000000 17 1 2 31
i2 0.000000 12.000000 18 1 2 31
i2 0.000000 12.000000 19 1 2 31
i2 0.000000 12.000000 18 1 2 31
i2 0.000000 12.000000 18 1 2 31
i2 0.000000 12.000000 19 1 2 31
i2 0.000000 12.000000 19 1 2 31
i3 0.000000 12.000000 20 1 3 31
i3 0.000000 12.000000 21 1 3 31
i3 0.000000 12.000000 20 1 3 31
i3 0.000000 12.000000 16 1 3 31
i3 0.000000 12.000000 14 1 3 31
i3 0.000000 12.000000 12 1 3 31
i3 0.000000 12.000000 12 1 3 31
i3 0.000000 12.000000 11 1 3 31
i3 0.000000 12.000000 13 1 3 31
i3 0.000000 12.000000 15 1 3 31
i3 0.000000 12.000000 18 1 3 31
i3 0.000000 12.000000 20 1 3 31
i3 0.000000 12.000000 21 1 3 31
i3 0.000000 12.000000 20 1 3 31
i3 0.000000 12.000000 18 1 3 31
i3 0.000000 12.000000 16 1 3 31
i3 0.000000 12.000000 13 1 3 31
i4 0.000000 12.000000 11 1 4 31
i4 0.000000 12.000000 10 1 4 31
i4 0.000000 12.000000 13 1 4 31
i4 0.000000 12.000000 14 1 4 31
i4 0.000000 12.000000 15 1 4 31
i4 0.000000 12.000000 17 1 4 31
i4 0.000000 12.000000 18 1 4 31
i4 0.000000 12.000000 17 1 4 31
i4 0.000000 12.000000 15 1 4 31
i4 0.000000 12.000000 16 1 4 31
i2 0.000000 12.000000 17 1 2 33
i2 0.000000 12.000000 20 1 2 33
i2 0.000000 12.000000 20 1 2 33
i2 0.000000 12.000000 19 1 2 33
i2 0.000000 12.000000 17 1 2 33
i2 0.000000 12.000000 16 1 2 33
i2 0.000000 12.000000 18 1 2 33
i2 0.000000 12.000000 18 1 2 33
i2 0.000000 12.000000 16 1 2 33
i2 0.000000 12.000000 14 1 2 33
i2 0.000000 12.000000 14 1 2 33
i2 0.000000 12.000000 14 1 2 33
i2 0.000000 12.000000 14 1 2 33
i2 0.000000 12.000000 16 1 2 33
i2 0.000000 12.000000 17 1 2 33
i2 0.000000 12.000000 18 1 2 33
i2 0.000000 12.000000 18 1 2 33
i2 0.000000 12.000000 18 1 2 33
i2 0.000000 12.000000 18 1 2 33
i2 0.000000 12.000000 18 1 2 33
i2 0.000000 12.000000 18 1 2 33
i2 0.000000 12.000000 18 1 2 33
i3 0.000000 12.000000 17 1 3 33
i3 0.000000 12.000000 15 1 3 33
i3 0.000000 12.000000 13 1 3 33
i3 0.000000 12.000000 12 1 3 33
i3 0.000000 12.000000 11 1 3 33
i3 0.000000 12.000000 11 1 3 33
i3 0.000000 12.000000 11 1 3 33
i3 0.000000 12.000000 13 1 3 33
i3 0.000000 12.000000 15 1 3 33
i3 0.000000 12.000000 16 1 3 33
i3 0.000000 12.000000 17 1 3 33
i3 0.000000 12.000000 17 1 3 33
i3 0.000000 12.000000 15 1 3 33
i3 0.000000 12.000000 13 1 3 33
i1 0.000000 12.000000 12 1 1 33
i4 0.000000 12.000000 10 1 4 33
i4 0.000000 12.000000 9 1 4 33
i4 0.000000 12.000000 10 1 4 33
i4 0.000000 12.000000 12 1 4 33
i4 0.000000 12.000000 13 1 4 33
i4 0.000000 12.000000 14 1 4 33
i4 0.000000 12.000000 15 1 4 33
i4 0.000000 12.000000 15 1 4 33
i4 0.000000 12.000000 15 1 4 33
i4 0.000000 12.000000 16 1 4 33
i4 0.000000 12.000000 17 1 4 33
i4 0.000000 12.000000 16 1 4 33
i2 0.000000 12.000000 17 1 2 35
i2 0.000000 12.000000 20 1 2 35
i2 0.000000 12.000000 20 1 2 35
i2 0.000000 12.000000 19 1 2 35
i2 0.000000 12.000000 18 1 2 35
i2 0.000000 12.000000 17 1 2 35
i2 0.000000 12.000000 18 1 2 35
i2 0.000000 12.000000 17 1 2 35
i2 0.000000 12.000000 15 1 2 35
i2 0.000000 12.000000 13 1 2 35
i2 0.000000 12.000000 13 1 2 35
i2 0.000000 12.000000 13 1 2 35
i2 0.000000 12.000000 13 1 2 35
i2 0.000000 12.000000 14 1 2 35
i2 0.000000 12.000000 15 1 2 35
i2 0.000000 12.000000 16 1 2 35
i2 0.000000 12.000000 17 1 2 35
i2 0.000000 12.000000 17 1 2 35
i2 0.000000 12.000000 17 1 2 35
i2 0.000000 12.000000 17 1 2 35
i2 0.000000 12.000000 17 1 2 35
i2 0.000000 12.000000 16 1 2 35
i2 0.000000 12.000000 15 1 2 35
i2 0.000000 12.000000 13 1 2 35
i2 0.000000 12.000000 12 1 2 35
i3 0.000000 12.000000 12 1 3 35
i3 0.000000 12.000000 11 1 3 35
i3 0.000000 12.000000 11 1 3 35
i3 0.000000 12.000000 11 1 3 35
i3 0.000000 12.000000 11 1 3 35
i1 0.000000 12.000000 12 1 1 35
i1 0.000000 12.000000 13 1 1 35
i1 0.000000 12.000000 14 1 1 35
i1 0.000000 12.000000 14 1 1 35
i1 0.000000 12.000000 13 1 1 35
i1 0.000000 12.000000 11 1 1 35
i1 0.000000 12.000000 10 1 1 35
i4 0.000000 12.000000 9 1 4 35
i4 0.000000 12.000000 9 1 4 35
i4 0.000000 12.000000 9 1 4 35
i4 0.000000 12.000000 10 1 4 35
i4 0.000000 12.000000 11 1 4 35
i4 0.000000 12.000000 12 1 4 35
i4 0.000000 12.000000 13 1 4 35
i4 0.000000 12.000000 13 1 4 35
i4 0.000000 12.000000 16 1 4 35
i4 0.000000 12.000000 17 1 4 35
i4 0.000000 12.000000 18 1 4 35
i4 0.000000 12.000000 17 1 4 35
i2 0.000000 12.000000 18 1 2 37
i2 0.000000 12.000000 20 1 2 37
i2 0.000000 12.000000 20 1 2 37
i2 0.000000 12.000000 19 1 2 37
i2 0.000000 12.000000 18 1 2 37
i2 0.000000 12.000000 17 1 2 37
i2 0.000000 12.000000 17 1 2 37
i2 0.000000 12.000000 16 1 2 37
i2 0.000000 12.000000 14 1 2 37
i2 0.000000 12.000000 13 1 2 37
i2 0.000000 12.000000 12 1 2 37
i2 0.000000 12.000000 13 1 2 37
i2 0.000000 12.000000 13 1 2 37
i2 0.000000 12.000000 13 1 2 37
i2 0.000000 12.000000 13 1 2 37
i2 0.000000 12.000000 14 1 2 37
i2 0.000000 12.000000 15 1 2 37
i2 0.000000 12.000000 15 1 2 37
i2 0.000000 12.000000 15 1 2 37
i2 0.000000 12.000000 15 1 2 37
i2 0.000000 12.000000 15 1 2 37
i2 0.000000 12.000000 14 1 2 37
i2 0.000000 12.000000 12 1 2 37
i2 0.000000 12.000000 11 1 2 37
i2 0.000000 12.000000 11 1 2 37
i1 0.000000 12.000000 11 1 1 37
i1 0.000000 12.000000 10 1 1 37
i1 0.000000 12.000000 10 1 1 37
i1 0.000000 12.000000 10 1 1 37
i1 0.000000 12.000000 10 1 1 37
i1 0.000000 12.000000 10 1 1 37
i1 0.000000 12.000000 11 1 1 37
i1 0.000000 12.000000 11 1 1 37
i1 0.000000 12.000000 11 1 1 37
i1 0.000000 12.000000 10 1 1 37
i1 0.000000 12.000000 9 1 1 37
i1 0.000000 12.000000 8 1 1 37
i4 0.000000 12.000000 8 1 4 37
i4 0.000000 12.000000 8 1 4 37
i4 0.000000 12.000000 8 1 4 37
i4 0.000000 12.000000 8 1 4 37
i4 0.000000 12.000000 9 1 4 37
i4 0.000000 12.000000 9 1 4 37
i4 0.000000 12.000000 10 1 4 37
i4 0.000000 12.000000 11 1 4 37
i4 0.000000 12.000000 16 1 4 37
i4 0.000000 12.000000 17 1 4 37
i4 0.000000 12.000000 17 1 4 37
i4 0.000000 12.000000 18 1 4 37
i4 0.000000 12.000000 19 1 4 37
i4 0.000000 12.000000 18 1 4 37
i4 0.000000 12.000000 18 1 4 37
i4 0.000000 12.000000 17 1 4 37
i4 0.000000 12.000000 17 1 4 37
i4 0.000000 12.000000 17 1 4 37
i2 0.000000 12.000000 17 1 2 39
i2 0.000000 12.000000 19 1 2 39
i2 0.000000 12.000000 19 1 2 39
i2 0.000000 12.000000 19 1 2 39
i2 0.000000 12.000000 18 1 2 39
i2 0.000000 12.000000 17 1 2 39
i2 0.000000 12.000000 16 1 2 39
i2 0.000000 12.000000 15 1 2 39
i2 0.000000 12.000000 15 1 2 39
i2 0.000000 12.000000 14 1 2 39
i2 0.000000 12.000000 13 1 2 39
i2 0.000000 12.000000 13 1 2 39
i2 0.000000 12.000000 12 1 2 39
i2 0.000000 12.000000 13 1 2 39
i2 0.000000 12.000000 13 1 2 39
i2 0.000000 12.000000 12 1 2 39
i2 0.000000 12.000000 12 1 2 39
i2 0.000000 12.000000 12 1 2 39
i2 0.000000 12.000000 13 1 2 39
i2 0.000000 12.000000 13 1 2 39
i2 0.000000 12.000000 13 1 2 39
i2 0.000000 12.000000 12 1 2 39
i2 0.000000 12.000000 12 1 2 39
i2 0.000000 12.000000 11 1 2 39
i2 0.000000 12.000000 10 1 2 39
i2 0.000000 12.000000 10 1 2 39
i1 0.000000 12.000000 10 1 1 39
i1 0.000000 12.000000 9 1 1 39
i1 0.000000 12.000000 9 1 1 39
i1 0.000000 12.000000 9 1 1 39
i1 0.000000 12.000000 9 1 1 39
i1 0.000000 12.000000 9 1 1 39
i1 0.000000 12.000000 9 1 1 39
i1 0.000000 12.000000 9 1 1 39
i1 0.000000 12.000000 8 1 1 39
i1 0.000000 12.000000 8 1 1 39
i1 0.000000 12.000000 8 1 1 39
i1 0.000000 12.000000 7 1 1 39
i4 0.000000 12.000000 7 1 4 39
i4 0.000000 12.000000 8 1 4 39
i4 0.000000 12.000000 7 1 4 39
i4 0.000000 12.000000 7 1 4 39
i4 0.000000 12.000000 8 1 4 39
i4 0.000000 12.000000 8 1 4 39
i4 0.000000 12.000000 9 1 4 39
i4 0.000000 12.000000 10 1 4 39
i4 0.000000 12.000000 17 1 4 39
i4 0.000000 12.000000 18 1 4 39
i4 0.000000 12.000000 18 1 4 39
i4 0.000000 12.000000 18 1 4 39
i4 0.000000 12.000000 18 1 4 39
i4 0.000000 12.000000 18 1 4 39
i4 0.000000 12.000000 19 1 4 39
i4 0.000000 12.000000 19 1 4 39
i4 0.000000 12.000000 19 1 4 39
i4 0.000000 12.000000 19 1 4 39
i4 0.000000 12.000000 19 1 4 39
i2 0.000000 12.000000 17 1 2 41
i2 0.000000 12.000000 18 1 2 41
i2 0.000000 12.000000 18 1 2 41
i2 0.000000 12.000000 18 1 2 41
i2 0.000000 12.000000 17 1 2 41
i2 0.000000 12.000000 16 1 2 41
i2 0.000000 12.000000 16 1 2 41
i2 0.000000 12.000000 15 1 2 41
i2 0.000000 12.000000 14 1 2 41
i2 0.000000 12.000000 14 1 2 41
i2 0.000000 12.000000 14 1 2 41
i2 0.000000 12.000000 13 1 2 41
i2 0.000000 12.000000 12 1 2 41
i2 0.000000 12.000000 12 1 2 41
i2 0.000000 12.000000 12 1 2 41
i2 0.000000 12.000000 11 1 2 41
i2 0.000000 12.000000 11 1 2 41
i2 0.000000 12.000000 10 1 2 41
i2 0.000000 12.000000 11 1 2 41
i2 0.000000 12.000000 11 1 2 41
i2 0.000000 12.000000 11 1 2 41
i2 0.000000 12.000000 10 1 2 41
i2 0.000000 12.000000 10 1 2 41
i2 0.000000 12.000000 9 1 2 41
i2 0.000000 12.000000 9 1 2 41
i2 0.000000 12.000000 9 1 2 41
i1 0.000000 12.000000 9 1 1 41
i1 0.000000 12.000000 9 1 1 41
i1 0.000000 12.000000 8 1 1 41
i1 0.000000 12.000000 8 1 1 41
i1 0.000000 12.000000 8 1 1 41
i1 0.000000 12.000000 8 1 1 41
i1 0.000000 12.000000 8 1 1 41
i1 0.000000 12.000000 8 1 1 41
i1 0.000000 12.000000 7 1 1 41
i1 0.000000 12.000000 7 1 1 41
i1 0.000000 12.000000 7 1 1 41
i1 0.000000 12.000000 7 1 1 41
i4 0.000000 12.000000 7 1 4 41
i4 0.000000 12.000000 7 1 4 41
i4 0.000000 12.000000 8 1 4 41
i4 0.000000 12.000000 7 1 4 41
i4 0.000000 12.000000 7 1 4 41
i4 0.000000 12.000000 8 1 4 41
i4 0.000000 12.000000 8 1 4 41
i4 0.000000 12.000000 8 1 4 41
i4 0.000000 12.000000 15 1 4 41
i4 0.000000 12.000000 17 1 4 41
i4 0.000000 12.000000 18 1 4 41
i4 0.000000 12.000000 19 1 4 41
i4 0.000000 12.000000 18 1 4 41
i4 0.000000 12.000000 18 1 4 41
i4 0.000000 12.000000 19 1 4 41
i4 0.000000 12.000000 20 1 4 41
i4 0.000000 12.000000 20 1 4 41
i4 0.000000 12.000000 21 1 4 41
i4 0.000000 12.000000 22 1 4 41
i4 0.000000 12.000000 19 1 4 41
i2 0.000000 12.000000 16 1 2 43
i2 0.000000 12.000000 16 1 2 43
i2 0.000000 12.000000 16 1 2 43
i2 0.000000 12.000000 17 1 2 43
i2 0.000000 12.000000 16 1 2 43
i2 0.000000 12.000000 16 1 2 43
i2 0.000000 12.000000 16 1 2 43
i2 0.000000 12.000000 15 1 2 43
i2 0.000000 12.000000 14 1 2 43
i2 0.000000 12.000000 14 1 2 43
i2 0.000000 12.000000 14 1 2 43
i2 0.000000 12.000000 13 1 2 43
i2 0.000000 12.000000 12 1 2 43
i2 0.000000 12.000000 12 1 2 43
i2 0.000000 12.000000 11 1 2 43
i2 0.000000 12.000000 11 1 2 43
i2 0.000000 12.000000 10 1 2 43
i2 0.000000 12.000000 9 1 2 43
i2 0.000000 12.000000 9 1 2 43
i2 0.000000 12.000000 10 1 2 43
i2 0.000000 12.000000 10 1 2 43
i2 0.000000 12.000000 9 1 2 43
i2 0.000000 12.000000 8 1 2 43
i2 0.000000 12.000000 8 1 2 43
i2 0.000000 12.000000 8 1 2 43
i2 0.000000 12.000000 8 1 2 43
i1 0.000000 12.000000 8 1 1 43
i1 0.000000 12.000000 8 1 1 43
i1 0.000000 12.000000 8 1 1 43
i1 0.000000 12.000000 8 1 1 43
i1 0.000000 12.000000 7 1 1 43
i1 0.000000 12.000000 8 1 1 43
i1 0.000000 12.000000 8 1 1 43
i1 0.000000 12.000000 7 1 1 43
i1 0.000000 12.000000 6 1 1 43
i1 0.000000 12.000000 6 1 1 43
i1 0.000000 12.000000 7 1 1 43
i1 0.000000 12.000000 7 1 1 43
i4 0.000000 12.000000 7 1 4 43
i4 0.000000 12.000000 7 1 4 43
i4 0.000000 12.000000 8 1 4 43
i4 0.000000 12.000000 8 1 4 43
i4 0.000000 12.000000 7 1 4 43
i4 0.000000 12.000000 8 1 4 43
i4 0.000000 12.000000 8 1 4 43
i4 0.000000 12.000000 8 1 4 43
i4 0.000000 12.000000 14 1 4 43
i4 0.000000 12.000000 17 1 4 43
i4 0.000000 12.000000 18 1 4 43
i4 0.000000 12.000000 18 1 4 43
i4 0.000000 12.000000 18 1 4 43
i4 0.000000 12.000000 18 1 4 43
i4 0.000000 12.000000 19 1 4 43
i4 0.000000 12.000000 20 1 4 43
i4 0.000000 12.000000 21 1 4 43
i4 0.000000 12.000000 22 1 4 43
i4 0.000000 12.000000 23 1 4 43
i4 0.000000 12.000000 21 1 4 43
i2 0.000000 12.000000 15 1 2 45
i2 0.000000 12.000000 15 1 2 45
i2 0.000000 12.000000 15 1 2 45
i2 0.000000 12.000000 16 1 2 45
i2 0.000000 12.000000 16 1 2 45
i2 0.000000 12.000000 16 1 2 45
i2 0.000000 12.000000 16 1 2 45
i2 0.000000 12.000000 15 1 2 45
i2 0.000000 12.000000 15 1 2 45
i2 0.000000 12.000000 14 1 2 45
i2 0.000000 12.000000 13 1 2 45
i2 0.000000 12.000000 13 1 2 45
i2 0.000000 12.000000 12 1 2 45
i2 0.000000 12.000000 12 1 2 45
i2 0.000000 12.000000 11 1 2 45
i2 0.000000 12.000000 10 1 2 45
i2 0.000000 12.000000 10 1 2 45
i2 0.000000 12.000000 9 1 2 45
i2 0.000000 12.000000 9 1 2 45
i2 0.000000 12.000000 9 1 2 45
i2 0.000000 12.000000 9 1 2 45
i2 0.000000 12.000000 8 1 2 45
i2 0.000000 12.000000 8 1 2 45
i2 0.000000 12.000000 7 1 2 45
i2 0.000000 12.000000 8 1 2 45
i2 0.000000 12.000000 8 1 2 45
i1 0.000000 12.000000 7 1 1 45
i1 0.000000 12.000000 7 1 1 45
i1 0.000000 12.000000 7 1 1 45
i1 0.000000 12.000000 7 1 1 45
i1 0.000000 12.000000 7 1 1 45
i1 0.000000 12.000000 7 1 1 45
i1 0.000000 12.000000 7 1 1 45
i1 0.000000 12.000000 7 1 1 45
i1 0.000000 12.000000 6 1 1 45
i1 0.000000 12.000000 6 1 1 45
i1 0.000000 12.000000 7 1 1 45
i1 0.000000 12.000000 7 1 1 45
i4 0.000000 12.000000 7 1 4 45
i4 0.000000 12.000000 7 1 4 45
i4 0.000000 12.000000 9 1 4 45
i4 0.000000 12.000000 9 1 4 45
i4 0.000000 12.000000 9 1 4 45
i4 0.000000 12.000000 9 1 4 45
i4 0.000000 12.000000 9 1 4 45
i4 0.000000 12.000000 9 1 4 45
i4 0.000000 12.000000 13 1 4 45
i4 0.000000 12.000000 15 1 4 45
i4 0.000000 12.000000 17 1 4 45
i4 0.000000 12.000000 18 1 4 45
i4 0.000000 12.000000 19 1 4 45
i4 0.000000 12.000000 19 1 4 45
i4 0.000000 12.000000 18 1 4 45
i4 0.000000 12.000000 20 1 4 45
i4 0.000000 12.000000 21 1 4 45
i4 0.000000 12.000000 21 1 4 45
i4 0.000000 12.000000 22 1 4 45
i4 0.000000 12.000000 21 1 4 45
i4 0.000000 12.000000 16 1 4 45
i2 0.000000 12.000000 15 1 2 47
i2 0.000000 12.000000 15 1 2 47
i2 0.000000 12.000000 15 1 2 47
i2 0.000000 12.000000 15 1 2 47
i2 0.000000 12.000000 16 1 2 47
i2 0.000000 12.000000 16 1 2 47
i2 0.000000 12.000000 15 1 2 47
i2 0.000000 12.000000 15 1 2 47
i2 0.000000 12.000000 15 1 2 47
i2 0.000000 12.000000 14 1 2 47
i2 0.000000 12.000000 13 1 2 47
i2 0.000000 12.000000 12 1 2 47
i2 0.000000 12.000000 12 1 2 47
i2 0.000000 12.000000 11 1 2 47
i2 0.000000 12.000000 11 1 2 47
i2 0.000000 12.000000 10 1 2 47
i2 0.000000 12.000000 10 1 2 47
i2 0.000000 12.000000 9 1 2 47
i2 0.000000 12.000000 9 1 2 47
i2 0.000000 12.000000 8 1 2 47
i2 0.000000 12.000000 8 1 2 47
i2 0.000000 12.000000 8 1 2 47
i2 0.000000 12.000000 8 1 2 47
i2 0.000000 12.000000 8 1 2 47
i2 0.000000 12.000000 8 1 2 47
i2 0.000000 12.000000 8 1 2 47
i1 0.000000 12.000000 7 1 1 47
i1 0.000000 12.000000 7 1 1 47
i1 0.000000 12.000000 7 1 1 47
i1 0.000000 12.000000 7 1 1 47
i1 0.000000 12.000000 7 1 1 47
i1 0.000000 12.000000 7 1 1 47
i1 0.000000 12.000000 7 1 1 47
i1 0.000000 12.000000 7 1 1 47
i1 0.000000 12.000000 7 1 1 47
i1 0.000000 12.000000 7 1 1 47
i1 0.000000 12.000000 7 1 1 47
i1 0.000000 12.000000 8 1 1 47
i4 0.000000 12.000000 8 1 4 47
i4 0.000000 12.000000 9 1 4 47
i4 0.000000 12.000000 11 1 4 47
i4 0.000000 12.000000 12 1 4 47
i4 0.000000 12.000000 11 1 4 47
i4 0.000000 12.000000 11 1 4 47
i4 0.000000 12.000000 11 1 4 47
i4 0.000000 12.000000 11 1 4 47
i4 0.000000 12.000000 12 1 4 47
i4 0.000000 12.000000 14 1 4 47
i4 0.000000 12.000000 16 1 4 47
i4 0.000000 12.000000 17 1 4 47
i4 0.000000 12.000000 18 1 4 47
i4 0.000000 12.000000 19 1 4 47
i4 0.000000 12.000000 19 1 4 47
i4 0.000000 12.000000 19 1 4 47
i4 0.000000 12.000000 20 1 4 47
i4 0.000000 12.000000 19 1 4 47
i4 0.000000 12.000000 19 1 4 47
i4 0.000000 12.000000 20 1 4 47
i4 0.000000 12.000000 16 1 4 47
i2 0.000000 12.000000 16 1 2 49
i2 0.000000 12.000000 16 1 2 49
i2 0.000000 12.000000 15 1 2 49
i2 0.000000 12.000000 15 1 2 49
i2 0.000000 12.000000 15 1 2 49
i2 0.000000 12.000000 15 1 2 49
i2 0.000000 12.000000 15 1 2 49
i2 0.000000 12.000000 15 1 2 49
i2 0.000000 12.000000 14 1 2 49
i2 0.000000 12.000000 14 1 2 49
i2 0.000000 12.000000 13 1 2 49
i2 0.000000 12.000000 12 1 2 49
i2 0.000000 12.000000 12 1 2 49
i2 0.000000 12.000000 11 1 2 49
i2 0.000000 12.000000 11 1 2 49
i2 0.000000 12.000000 11 1 2 49
i2 0.000000 12.000000 11 1 2 49
i2 0.000000 12.000000 10 1 2 49
i2 0.000000 12.000000 10 1 2 49
i2 0.000000 12.000000 9 1 2 49
i2 0.000000 12.000000 9 1 2 49
i2 0.000000 12.000000 8 1 2 49
i2 0.000000 12.000000 8 1 2 49
i2 0.000000 12.000000 8 1 2 49
i2 0.000000 12.000000 8 1 2 49
i2 0.000000 12.000000 8 1 2 49
i1 0.000000 12.000000 8 1 1 49
i1 0.000000 12.000000 8 1 1 49
i1 0.000000 12.000000 8 1 1 49
i1 0.000000 12.000000 7 1 1 49
i1 0.000000 12.000000 7 1 1 49
i1 0.000000 12.000000 7 1 1 49
i1 0.000000 12.000000 7 1 1 49
i1 0.000000 12.000000 8 1 1 49
i1 0.000000 12.000000 8 1 1 49
i1 0.000000 12.000000 8 1 1 49
i1 0.000000 12.000000 9 1 1 49
i1 0.000000 12.000000 10 1 1 49
i4 0.000000 12.000000 11 1 4 49
i4 0.000000 12.000000 12 1 4 49
i4 0.000000 12.000000 14 1 4 49
i4 0.000000 12.000000 15 1 4 49
i4 0.000000 12.000000 15 1 4 49
i4 0.000000 12.000000 14 1 4 49
i4 0.000000 12.000000 14 1 4 49
i4 0.000000 12.000000 13 1 4 49
i4 0.000000 12.000000 12 1 4 49
i4 0.000000 12.000000 14 1 4 49
i4 0.000000 12.000000 15 1 4 49
i4 0.000000 12.000000 16 1 4 49
i4 0.000000 12.000000 17 1 4 49
i4 0.000000 12.000000 18 1 4 49
i4 0.000000 12.000000 18 1 4 49
i4 0.000000 12.000000 18 1 4 49
i4 0.000000 12.000000 17 1 4 49
i4 0.000000 12.000000 17 1 4 49
i4 0.000000 12.000000 17 1 4 49
i4 0.000000 12.000000 17 1 4 49
i2 0.000000 12.000000 16 1 2 51
i2 0.000000 12.000000 16 1 2 51
i2 0.000000 12.000000 15 1 2 51
i2 0.000000 12.000000 15 1 2 51
i2 0.000000 12.000000 15 1 2 51
i2 0.000000 12.000000 15 1 2 51
i2 0.000000 12.000000 15 1 2 51
i2 0.000000 12.000000 15 1 2 51
i2 0.000000 12.000000 14 1 2 51
i2 0.000000 12.000000 13 1 2 51
i2 0.000000 12.000000 13 1 2 51
i2 0.000000 12.000000 13 1 2 51
i2 0.000000 12.000000 14 1 2 51
i2 0.000000 12.000000 14 1 2 51
i2 0.000000 12.000000 14 1 2 51
i2 0.000000 12.000000 14 1 2 51
i2 0.000000 12.000000 13 1 2 51
i2 0.000000 12.000000 13 1 2 51
i2 0.000000 12.000000 12 1 2 51
i2 0.000000 12.000000 12 1 2 51
i2 0.000000 12.000000 11 1 2 51
i2 0.000000 12.000000 11 1 2 51
i2 0.000000 12.000000 10 1 2 51
i2 0.000000 12.000000 10 1 2 51
i2 0.000000 12.000000 9 1 2 51
i2 0.000000 12.000000 9 1 2 51
i1 0.000000 12.000000 9 1 1 51
i1 0.000000 12.000000 8 1 1 51
i1 0.000000 12.000000 8 1 1 51
i1 0.000000 12.000000 8 1 1 51
i1 0.000000 12.000000 8 1 1 51
i1 0.000000 12.000000 8 1 1 51
i1 0.000000 12.000000 8 1 1 51
i1 0.000000 12.000000 9 1 1 51
i1 0.000000 12.000000 9 1 1 51
i1 0.000000 12.000000 10 1 1 51
i1 0.000000 12.000000 12 1 1 51
i1 0.000000 12.000000 13 1 1 51
i4 0.000000 12.000000 15 1 4 51
i4 0.000000 12.000000 16 1 4 51
i4 0.000000 12.000000 17 1 4 51
i4 0.000000 12.000000 16 1 4 51
i4 0.000000 12.000000 17 1 4 51
i4 0.000000 12.000000 17 1 4 51
i4 0.000000 12.000000 18 1 4 51
i4 0.000000 12.000000 17 1 4 51
i4 0.000000 12.000000 17 1 4 51
i4 0.000000 12.000000 16 1 4 51
i4 0.000000 12.000000 12 1 4 51
i4 0.000000 12.000000 14 1 4 51
i4 0.000000 12.000000 15 1 4 51
i4 0.000000 12.000000 16 1 4 51
i4 0.000000 12.000000 17 1 4 51
i4 0.000000 12.000000 17 1 4 51
i4 0.000000 12.000000 17 1 4 51
i4 0.000000 12.000000 16 1 4 51
i4 0.000000 12.000000 15 1 4 51
i4 0.000000 12.000000 16 1 4 51
i4 0.000000 12.000000 16 1 4 51
i2 0.000000 12.000000 17 1 2 53
i2 0.000000 12.000000 16 1 2 53
i2 0.000000 12.000000 15 1 2 53
i2 0.000000 12.000000 15 1 2 53
i2 0.000000 12.000000 15 1 2 53
i2 0.000000 12.000000 15 1 2 53
i2 0.000000 12.000000 16 1 2 53
i2 0.000000 12.000000 16 1 2 53
i2 0.000000 12.000000 16 1 2 53
i2 0.000000 12.000000 15 1 2 53
i2 0.000000 12.000000 14 1 2 53
i2 0.000000 12.000000 14 1 2 53
i2 0.000000 12.000000 15 1 2 53
i2 0.000000 12.000000 16 1 2 53
i2 0.000000 12.000000 17 1 2 53
i2 0.000000 12.000000 18 1 2 53
i2 0.000000 12.000000 19 1 2 53
i2 0.000000 12.000000 18 1 2 53
i2 0.000000 12.000000 17 1 2 53
i2 0.000000 12.000000 16 1 2 53
i2 0.000000 12.000000 15 1 2 53
i2 0.000000 12.000000 15 1 2 53
i2 0.000000 12.000000 15 1 2 53
i2 0.000000 12.000000 14 1 2 53
i2 0.000000 12.000000 13 1 2 53
i2 0.000000 12.000000 12 1 2 53
i2 0.000000 12.000000 11 1 2 53
i2 0.000000 12.000000 10 1 2 53
i1 0.000000 12.000000 10 1 1 53
i1 0.000000 12.000000 9 1 1 53
i1 0.000000 12.000000 9 1 1 53
i1 0.000000 12.000000 9 1 1 53
i1 0.000000 12.000000 9 1 1 53
i1 0.000000 12.000000 9 1 1 53
i1 0.000000 12.000000 10 1 1 53
i1 0.000000 12.000000 11 1 1 53
i1 0.000000 12.000000 12 1 1 53
i1 0.000000 12.000000 13 1 1 53
i1 0.000000 12.000000 15 1 1 53
i1 0.000000 12.000000 16 1 1 53
i4 0.000000 12.000000 18 1 4 53
i4 0.000000 12.000000 20 1 4 53
i4 0.000000 12.000000 20 1 4 53
i4 0.000000 12.000000 19 1 4 53
i4 0.000000 12.000000 18 1 4 53
i4 0.000000 12.000000 19 1 4 53
i4 0.000000 12.000000 19 1 4 53
i4 0.000000 12.000000 20 1 4 53
i4 0.000000 12.000000 19 1 4 53
i4 0.000000 12.000000 17 1 4 53
i4 0.000000 12.000000 16 1 4 53
i4 0.000000 12.000000 13 1 4 53
i4 0.000000 12.000000 14 1 4 53
i4 0.000000 12.000000 16 1 4 53
i4 0.000000 12.000000 17 1 4 53
i4 0.000000 12.000000 18 1 4 53
i4 0.000000 12.000000 17 1 4 53
i4 0.000000 12.000000 16 1 4 53
i4 0.000000 12.000000 15 1 4 53
i4 0.000000 12.000000 14 1 4 53
i4 0.000000 12.000000 15 1 4 53
i4 0.000000 12.000000 16 1 4 53
i2 0.000000 12.000000 16 1 2 55
i2 0.000000 12.000000 17 1 2 55
i2 0.000000 12.000000 17 1 2 55
i2 0.000000 12.000000 17 1 2 55
i2 0.000000 12.000000 15 1 2 55
i2 0.000000 12.000000 16 1 2 55
i2 0.000000 12.000000 16 1 2 55
i2 0.000000 12.000000 17 1 2 55
i2 0.000000 12.000000 17 1 2 55
i2 0.000000 12.000000 17 1 2 55
i2 0.000000 12.000000 17 1 2 55
i2 0.000000 12.000000 16 1 2 55
i2 0.000000 12.000000 16 1 2 55
i2 0.000000 12.000000 16 1 2 55
i2 0.000000 12.000000 17 1 2 55
i2 0.000000 12.000000 19 1 2 55
i2 0.000000 12.000000 20 1 2 55
i2 0.000000 12.000000 20 1 2 55
i2 0.000000 12.000000 21 1 2 55
i2 0.000000 12.000000 21 1 2 55
i2 0.000000 12.000000 20 1 2 55
i2 0.000000 12.000000 18 1 2 55
i2 0.000000 12.000000 17 1 2 55
i2 0.000000 12.000000 17 1 2 55
i2 0.000000 12.000000 17 1 2 55
i2 0.000000 12.000000 16 1 2 55
i2 0.000000 12.000000 16 1 2 55
i2 0.000000 12.000000 15 1 2 55
i2 0.000000 12.000000 13 1 2 55
i2 0.000000 12.000000 12 1 2 55
i1 0.000000 12.000000 12 1 1 55
i1 0.000000 12.000000 12 1 1 55
i1 0.000000 12.000000 12 1 1 55
i1 0.000000 12.000000 11 1 1 55
i1 0.000000 12.000000 11 1 1 55
i1 0.000000 12.000000 12 1 1 55
i1 0.000000 12.000000 13 1 1 55
i1 0.000000 12.000000 14 1 1 55
i1 0.000000 12.000000 15 1 1 55
i1 0.000000 12.000000 16 1 1 55
i1 0.000000 12.000000 17 1 1 55
i1 0.000000 12.000000 18 1 1 55
i4 0.000000 12.000000 19 1 4 55
i4 0.000000 12.000000 21 1 4 55
i4 0.000000 12.000000 21 1 4 55
i4 0.000000 12.000000 21 1 4 55
i4 0.000000 12.000000 20 1 4 55
i4 0.000000 12.000000 20 1 4 55
i4 0.000000 12.000000 20 1 4 55
i4 0.000000 12.000000 21 1 4 55
i4 0.000000 12.000000 19 1 4 55
i4 0.000000 12.000000 18 1 4 55
i4 0.000000 12.000000 18 1 4 55
i4 0.000000 12.000000 17 1 4 55
i4 0.000000 12.000000 14 1 4 55
i4 0.000000 12.000000 15 1 4 55
i4 0.000000 12.000000 16 1 4 55
i4 0.000000 12.000000 18 1 4 55
i4 0.000000 12.000000 19 1 4 55
i4 0.000000 12.000000 19 1 4 55
i4 0.000000 12.000000 17 1 4 55
i4 0.000000 12.000000 14 1 4 55
i4 0.000000 12.000000 13 1 4 55
i4 0.000000 12.000000 14 1 4 55
i4 0.000000 12.000000 16 1 4 55
i2 0.000000 12.000000 16 1 2 57
i2 0.000000 12.000000 17 1 2 57
i2 0.000000 12.000000 17 1 2 57
i2 0.000000 12.000000 17 1 2 57
i2 0.000000 12.000000 16 1 2 57
i2 0.000000 12.000000 17 1 2 57
i2 0.000000 12.000000 18 1 2 57
i2 0.000000 12.000000 18 1 2 57
i2 0.000000 12.000000 18 1 2 57
i2 0.000000 12.000000 18 1 2 57
i2 0.000000 12.000000 18 1 2 57
i2 0.000000 12.000000 18 1 2 57
i2 0.000000 12.000000 18 1 2 57
i2 0.000000 12.000000 19 1 2 57
i2 0.000000 12.000000 20 1 2 57
i2 0.000000 12.000000 21 1 2 57
i2 0.000000 12.000000 22 1 2 57
i2 0.000000 12.000000 21 1 2 57
i2 0.000000 12.000000 21 1 2 57
i2 0.000000 12.000000 21 1 2 57
i2 0.000000 12.000000 21 1 2 57
i2 0.000000 12.000000 20 1 2 57
i2 0.000000 12.000000 18 1 2 57
i2 0.000000 12.000000 18 1 2 57
i2 0.000000 12.000000 18 1 2 57
i2 0.000000 12.000000 17 1 2 57
i2 0.000000 12.000000 18 1 2 57
i2 0.000000 12.000000 17 1 2 57
i2 0.000000 12.000000 15 1 2 57
i2 0.000000 12.000000 15 1 2 57
i1 0.000000 12.000000 16 1 1 57
i1 0.000000 12.000000 17 1 1 57
i1 0.000000 12.000000 16 1 1 57
i1 0.000000 12.000000 15 1 1 57
i1 0.000000 12.000000 15 1 1 57
i1 0.000000 12.000000 16 1 1 57
i1 0.000000 12.000000 17 1 1 57
i1 0.000000 12.000000 17 1 1 57
i1 0.000000 12.000000 17 1 1 57
i1 0.000000 12.000000 17 1 1 57
i1 0.000000 12.000000 17 1 1 57
i1 0.000000 12.000000 18 1 1 57
i4 0.000000 12.000000 19 1 4 57
i4 0.000000 12.000000 20 1 4 57
i4 0.000000 12.000000 21 1 4 57
i4 0.000000 12.000000 21 1 4 57
i4 0.000000 12.000000 20 1 4 57
i4 0.000000 12.000000 20 1 4 57
i4 0.000000 12.000000 20 1 4 57
i4 0.000000 12.000000 20 1 4 57
i4 0.000000 12.000000 19 1 4 57
i4 0.000000 12.000000 19 1 4 57
i4 0.000000 12.000000 19 1 4 57
i4 0.000000 12.000000 18 1 4 57
i4 0.000000 12.000000 17 1 4 57
i4 0.000000 12.000000 16 1 4 57
i4 0.000000 12.000000 15 1 4 57
i4 0.000000 12.000000 16 1 4 57
i4 0.000000 12.000000 17 1 4 57
i4 0.000000 12.000000 18 1 4 57
i4 0.000000 12.000000 19 1 4 57
i4 0.000000 12.000000 19 1 4 57
i4 0.000000 12.000000 17 1 4 57
i4 0.000000 12.000000 13 1 4 57
i4 0.000000 12.000000 12 1 4 57
i4 0.000000 12.000000 14 1 4 57
i4 0.000000 12.000000 15 1 4 57
i2 0.000000 12.000000 14 1 2 59
i2 0.000000 12.000000 15 1 2 59
i2 0.000000 12.000000 16 1 2 59
i2 0.000000 12.000000 16 1 2 59
i2 0.000000 12.000000 16 1 2 59
i2 0.000000 12.000000 18 1 2 59
i2 0.000000 12.000000 18 1 2 59
i2 0.000000 12.000000 17 1 2 59
i2 0.000000 12.000000 17 1 2 59
i2 0.000000 12.000000 17 1 2 59
i2 0.000000 12.000000 18 1 2 59
i2 0.000000 12.000000 18 1 2 59
i2 0.000000 12.000000 19 1 2 59
i2 0.000000 12.000000 20 1 2 59
i2 0.000000 12.000000 21 1 2 59
i2 0.000000 12.000000 21 1 2 59
i2 0.000000 12.000000 22 1 2 59
i2 0.000000 12.000000 21 1 2 59
i2 0.000000 12.000000 20 1 2 59
i2 0.000000 12.000000 20 1 2 59
i2 0.000000 12.000000 21 1 2 59
i2 0.000000 12.000000 20 1 2 59
i2 0.000000 12.000000 18 1 2 59
i2 0.000000 12.000000 18 1 2 59
i2 0.000000 12.000000 18 1 2 59
i2 0.000000 12.000000 18 1 2 59
i2 0.000000 12.000000 18 1 2 59
i2 0.000000 12.000000 18 1 2 59
i2 0.000000 12.000000 18 1 2 59
i2 0.000000 12.000000 18 1 2 59
i1 0.000000 12.000000 20 1 1 59
i1 0.000000 12.000000 20 1 1 59
i1 0.000000 12.000000 19 1 1 59
i1 0.000000 12.000000 18 1 1 59
i1 0.000000 12.000000 17 1 1 59
i1 0.000000 12.000000 18 1 1 59
i1 0.000000 12.000000 18 1 1 59
i1 0.000000 12.000000 18 1 1 59
i1 0.000000 12.000000 17 1 1 59
i1 0.000000 12.000000 16 1 1 59
i1 0.000000 12.000000 16 1 1 59
i1 0.000000 12.000000 17 1 1 59
i4 0.000000 12.000000 17 1 4 59
i4 0.000000 12.000000 18 1 4 59
i4 0.000000 12.000000 20 1 4 59
i4 0.000000 12.000000 20 1 4 59
i4 0.000000 12.000000 20 1 4 59
i4 0.000000 12.000000 19 1 4 59
i4 0.000000 12.000000 19 1 4 59
i4 0.000000 12.000000 19 1 4 59
i4 0.000000 12.000000 19 1 4 59
i4 0.000000 12.000000 19 1 4 59
i4 0.000000 12.000000 20 1 4 59
i4 0.000000 12.000000 19 1 4 59
i4 0.000000 12.000000 19 1 4 59
i4 0.000000 12.000000 18 1 4 59
i4 0.000000 12.000000 17 1 4 59
i4 0.000000 12.000000 17 1 4 59
i4 0.000000 12.000000 17 1 4 59
i4 0.000000 12.000000 17 1 4 59
i4 0.000000 12.000000 18 1 4 59
i4 0.000000 12.000000 18 1 4 59
i4 0.000000 12.000000 18 1 4 59
i4 0.000000 12.000000 18 1 4 59
i4 0.000000 12.000000 16 1 4 59
i4 0.000000 12.000000 12 1 4 59
i4 0.000000 12.000000 11 1 4 59
i4 0.000000 12.000000 12 1 4 59
i4 0.000000 12.000000 12 1 4 59
i2 0.000000 12.000000 11 1 2 61
i2 0.000000 12.000000 12 1 2 61
i2 0.000000 12.000000 13 1 2 61
i2 0.000000 12.000000 13 1 2 61
i2 0.000000 12.000000 14 1 2 61
i2 0.000000 12.000000 15 1 2 61
i2 0.000000 12.000000 16 1 2 61
i2 0.000000 12.000000 15 1 2 61
i2 0.000000 12.000000 14 1 2 61
i2 0.000000 12.000000 14 1 2 61
i2 0.000000 12.000000 16 1 2 61
i2 0.000000 12.000000 17 1 2 61
i2 0.000000 12.000000 19 1 2 61
i2 0.000000 12.000000 20 1 2 61
i2 0.000000 12.000000 20 1 2 61
i2 0.000000 12.000000 19 1 2 61
i2 0.000000 12.000000 19 1 2 61
i2 0.000000 12.000000 19 1 2 61
i2 0.000000 12.000000 19 1 2 61
i2 0.000000 12.000000 19 1 2 61
i2 0.000000 12.000000 19 1 2 61
i2 0.000000 12.000000 18 1 2 61
i2 0.000000 12.000000 17 1 2 61
i2 0.000000 12.000000 17 1 2 61
i2 0.000000 12.000000 17 1 2 61
i2 0.000000 12.000000 18 1 2 61
i2 0.000000 12.000000 18 1 2 61
i2 0.000000 12.000000 17 1 2 61
i2 0.000000 12.000000 17 1 2 61
i2 0.000000 12.000000 19 1 2 61
i1 0.000000 12.000000 20 1 1 61
i1 0.000000 12.000000 20 1 1 61
i1 0.000000 12.000000 19 1 1 61
i1 0.000000 12.000000 17 1 1 61
i1 0.000000 12.000000 17 1 1 61
i1 0.000000 12.000000 17 1 1 61
i1 0.000000 12.000000 17 1 1 61
i1 0.000000 12.000000 16 1 1 61
i1 0.000000 12.000000 15 1 1 61
i1 0.000000 12.000000 15 1 1 61
i1 0.000000 12.000000 15 1 1 61
i1 0.000000 12.000000 16 1 1 61
i4 0.000000 12.000000 16 1 4 61
i4 0.000000 12.000000 16 1 4 61
i4 0.000000 12.000000 18 1 4 61
i4 0.000000 12.000000 19 1 4 61
i4 0.000000 12.000000 19 1 4 61
i4 0.000000 12.000000 18 1 4 61
i4 0.000000 12.000000 17 1 4 61
i4 0.000000 12.000000 17 1 4 61
i4 0.000000 12.000000 18 1 4 61
i4 0.000000 12.000000 18 1 4 61
i4 0.000000 12.000000 19 1 4 61
i4 0.000000 12.000000 19 1 4 61
i4 0.000000 12.000000 19 1 4 61
i4 0.000000 12.000000 18 1 4 61
i4 0.000000 12.000000 18 1 4 61
i4 0.000000 12.000000 18 1 4 61
i4 0.000000 12.000000 19 1 4 61
i4 0.000000 12.000000 19 1 4 61
i4 0.000000 12.000000 18 1 4 61
i4 0.000000 12.000000 18 1 4 61
i4 0.000000 12.000000 18 1 4 61
i4 0.000000 12.000000 18 1 4 61
i4 0.000000 12.000000 15 1 4 61
i4 0.000000 12.000000 11 1 4 61
i4 0.000000 12.000000 10 1 4 61
i4 0.000000 12.000000 11 1 4 61
i4 0.000000 12.000000 10 1 4 61
i2 0.000000 12.000000 9 1 2 63
i2 0.000000 12.000000 9 1 2 63
i2 0.000000 12.000000 10 1 2 63
i2 0.000000 12.000000 10 1 2 63
i2 0.000000 12.000000 11 1 2 63
i2 0.000000 12.000000 12 1 2 63
i2 0.000000 12.000000 12 1 2 63
i2 0.000000 12.000000 12 1 2 63
i2 0.000000 12.000000 11 1 2 63
i2 0.000000 12.000000 11 1 2 63
i2 0.000000 12.000000 13 1 2 63
i2 0.000000 12.000000 14 1 2 63
i2 0.000000 12.000000 16 1 2 63
i2 0.000000 12.000000 17 1 2 63
i2 0.000000 12.000000 16 1 2 63
i2 0.000000 12.000000 15 1 2 63
i2 0.000000 12.000000 15 1 2 63
i2 0.000000 12.000000 15 1 2 63
i2 0.000000 12.000000 16 1 2 63
i2 0.000000 12.000000 17 1 2 63
i2 0.000000 12.000000 17 1 2 63
i2 0.000000 12.000000 16 1 2 63
i2 0.000000 12.000000 16 1 2 63
i2 0.000000 12.000000 16 1 2 63
i2 0.000000 12.000000 16 1 2 63
i2 0.000000 12.000000 16 1 2 63
i2 0.000000 12.000000 16 1 2 63
i2 0.000000 12.000000 15 1 2 63
i2 0.000000 12.000000 16 1 2 63
i2 0.000000 12.000000 18 1 2 63
i1 0.000000 12.000000 19 1 1 63
i1 0.000000 12.000000 18 1 1 63
i1 0.000000 12.000000 18 1 1 63
i1 0.000000 12.000000 17 1 1 63
i1 0.000000 12.000000 16 1 1 63
i1 0.000000 12.000000 17 1 1 63
i1 0.000000 12.000000 17 1 1 63
i1 0.000000 12.000000 17 1 1 63
i1 0.000000 12.000000 16 1 1 63
i1 0.000000 12.000000 15 1 1 63
i1 0.000000 12.000000 14 1 1 63
i1 0.000000 12.000000 14 1 1 63
i1 0.000000 12.000000 14 1 1 63
i4 0.000000 12.000000 15 1 4 63
i4 0.000000 12.000000 16 1 4 63
i4 0.000000 12.000000 18 1 4 63
i4 0.000000 12.000000 18 1 4 63
i4 0.000000 12.000000 17 1 4 63
i4 0.000000 12.000000 16 1 4 63
i4 0.000000 12.000000 15 1 4 63
i4 0.000000 12.000000 16 1 4 63
i4 0.000000 12.000000 16 1 4 63
i4 0.000000 12.000000 17 1 4 63
i4 0.000000 12.000000 17 1 4 63
i4 0.000000 12.000000 17 1 4 63
i4 0.000000 12.000000 17 1 4 63
i4 0.000000 12.000000 17 1 4 63
i4 0.000000 12.000000 17 1 4 63
i4 0.000000 12.000000 19 1 4 63
i4 0.000000 12.000000 19 1 4 63
i4 0.000000 12.000000 18 1 4 63
i4 0.000000 12.000000 18 1 4 63
i4 0.000000 12.000000 18 1 4 63
i4 0.000000 12.000000 17 1 4 63
i4 0.000000 12.000000 15 1 4 63
i4 0.000000 12.000000 12 1 4 63
i4 0.000000 12.000000 9 1 4 63
i4 0.000000 12.000000 9 1 4 63
i4 0.000000 12.000000 8 1 4 63
i2 0.000000 12.000000 9 1 2 64
i2 0.000000 12.000000 9 1 2 64
i2 0.000000 12.000000 9 1 2 64
i2 0.000000 12.000000 10 1 2 64
i2 0.000000 12.000000 10 1 2 64
i2 0.000000 12.000000 11 1 2 64
i2 0.000000 12.000000 11 1 2 64
i2 0.000000 12.000000 11 1 2 64
i2 0.000000 12.000000 11 1 2 64
i2 0.000000 12.000000 11 1 2 64
i2 0.000000 12.000000 11 1 2 64
i2 0.000000 12.000000 13 1 2 64
i2 0.000000 12.000000 14 1 2 64
i2 0.000000 12.000000 15 1 2 64
i2 0.000000 12.000000 15 1 2 64
i2 0.000000 12.000000 14 1 2 64
i2 0.000000 12.000000 14 1 2 64
i2 0.000000 12.000000 15 1 2 64
i2 0.000000 12.000000 16 1 2 64
i2 0.000000 12.000000 18 1 2 64
i2 0.000000 12.000000 18 1 2 64
i2 0.000000 12.000000 18 1 2 64
i2 0.000000 12.000000 16 1 2 64
i2 0.000000 12.000000 16 1 2 64
i2 0.000000 12.000000 16 1 2 64
i2 0.000000 12.000000 16 1 2 64
i2 0.000000 12.000000 15 1 2 64
i2 0.000000 12.000000 16 1 2 64
i2 0.000000 12.000000 17 1 2 64
i2 0.000000 12.000000 19 1 2 64
i1 0.000000 12.000000 20 1 1 64
i1 0.000000 12.000000 19 1 1 64
i1 0.000000 12.000000 18 1 1 64
i1 0.000000 12.000000 18 1 1 64
i1 0.000000 12.000000 18 1 1 64
i1 0.000000 12.000000 18 1 1 64
i1 0.000000 12.000000 18 1 1 64
i1 0.000000 12.000000 18 1 1 64
i1 0.000000 12.000000 18 1 1 64
i1 0.000000 12.000000 17 1 1 64
i1 0.000000 12.000000 16 1 1 64
i1 0.000000 12.000000 15 1 1 64
i1 0.000000 12.000000 15 1 1 64
i4 0.000000 12.000000 16 1 4 64
i4 0.000000 12.000000 17 1 4 64
i4 0.000000 12.000000 18 1 4 64
i4 0.000000 12.000000 18 1 4 64
i4 0.000000 12.000000 17 1 4 64
i4 0.000000 12.000000 15 1 4 64
i4 0.000000 12.000000 14 1 4 64
i4 0.000000 12.000000 14 1 4 64
i4 0.000000 12.000000 15 1 4 64
i4 0.000000 12.000000 16 1 4 64
i4 0.000000 12.000000 15 1 4 64
i4 0.000000 12.000000 15 1 4 64
i4 0.000000 12.000000 16 1 4 64
i4 0.000000 12.000000 17 1 4 64
i4 0.000000 12.000000 17 1 4 64
i4 0.000000 12.000000 18 1 4 64
i4 0.000000 12.000000 18 1 4 64
i4 0.000000 12.000000 17 1 4 64
i4 0.000000 12.000000 17 1 4 64
i4 0.000000 12.000000 17 1 4 64
i4 0.000000 12.000000 16 1 4 64
i4 0.000000 12.000000 15 1 4 64
i4 0.000000 12.000000 13 1 4 64
i4 0.000000 12.000000 10 1 4 64
i4 0.000000 12.000000 8 1 4 64
i4 0.000000 12.000000 7 1 4 64
i2 0.000000 12.000000 12 1 2 66
i2 0.000000 12.000000 12 1 2 66
i2 0.000000 12.000000 11 1 2 66
i2 0.000000 12.000000 11 1 2 66
i2 0.000000 12.000000 12 1 2 66
i2 0.000000 12.000000 13 1 2 66
i2 0.000000 12.000000 14 1 2 66
i2 0.000000 12.000000 15 1 2 66
i2 0.000000 12.000000 15 1 2 66
i2 0.000000 12.000000 14 1 2 66
i2 0.000000 12.000000 14 1 2 66
i2 0.000000 12.000000 15 1 2 66
i2 0.000000 12.000000 16 1 2 66
i2 0.000000 12.000000 16 1 2 66
i2 0.000000 12.000000 17 1 2 66
i2 0.000000 12.000000 17 1 2 66
i2 0.000000 12.000000 18 1 2 66
i2 0.000000 12.000000 18 1 2 66
i2 0.000000 12.000000 19 1 2 66
i2 0.000000 12.000000 21 1 2 66
i2 0.000000 12.000000 21 1 2 66
i2 0.000000 12.000000 20 1 2 66
i2 0.000000 12.000000 18 1 2 66
i2 0.000000 12.000000 17 1 2 66
i2 0.000000 12.000000 17 1 2 66
i2 0.000000 12.000000 17 1 2 66
i2 0.000000 12.000000 17 1 2 66
i2 0.000000 12.000000 18 1 2 66
i2 0.000000 12.000000 18 1 2 66
i2 0.000000 12.000000 19 1 2 66
i1 0.000000 12.000000 20 1 1 66
i1 0.000000 12.000000 20 1 1 66
i1 0.000000 12.000000 19 1 1 66
i1 0.000000 12.000000 18 1 1 66
i1 0.000000 12.000000 18 1 1 66
i1 0.000000 12.000000 18 1 1 66
i1 0.000000 12.000000 19 1 1 66
i1 0.000000 12.000000 19 1 1 66
i1 0.000000 12.000000 19 1 1 66
i1 0.000000 12.000000 19 1 1 66
i1 0.000000 12.000000 18 1 1 66
i1 0.000000 12.000000 18 1 1 66
i1 0.000000 12.000000 18 1 1 66
i4 0.000000 12.000000 18 1 4 66
i4 0.000000 12.000000 19 1 4 66
i4 0.000000 12.000000 20 1 4 66
i4 0.000000 12.000000 19 1 4 66
i4 0.000000 12.000000 18 1 4 66
i4 0.000000 12.000000 17 1 4 66
i4 0.000000 12.000000 15 1 4 66
i4 0.000000 12.000000 15 1 4 66
i4 0.000000 12.000000 15 1 4 66
i4 0.000000 12.000000 15 1 4 66
i4 0.000000 12.000000 16 1 4 66
i4 0.000000 12.000000 16 1 4 66
i4 0.000000 12.000000 16 1 4 66
i4 0.000000 12.000000 17 1 4 66
i4 0.000000 12.000000 17 1 4 66
i4 0.000000 12.000000 17 1 4 66
i4 0.000000 12.000000 17 1 4 66
i4 0.000000 12.000000 16 1 4 66
i4 0.000000 12.000000 16 1 4 66
i4 0.000000 12.000000 17 1 4 66
i4 0.000000 12.000000 16 1 4 66
i4 0.000000 12.000000 16 1 4 66
i4 0.000000 12.000000 15 1 4 66
i4 0.000000 12.000000 13 1 4 66
i4 0.000000 12.000000 10 1 4 66
i4 0.000000 12.000000 7 1 4 66
i2 0.000000 12.000000 15 1 2 68
i2 0.000000 12.000000 14 1 2 68
i2 0.000000 12.000000 14 1 2 68
i2 0.000000 12.000000 14 1 2 68
i2 0.000000 12.000000 14 1 2 68
i2 0.000000 12.000000 16 1 2 68
i2 0.000000 12.000000 18 1 2 68
i2 0.000000 12.000000 18 1 2 68
i2 0.000000 12.000000 18 1 2 68
i2 0.000000 12.000000 18 1 2 68
i2 0.000000 12.000000 18 1 2 68
i2 0.000000 12.000000 19 1 2 68
i2 0.000000 12.000000 20 1 2 68
i2 0.000000 12.000000 19 1 2 68
i2 0.000000 12.000000 20 1 2 68
i2 0.000000 12.000000 21 1 2 68
i2 0.000000 12.000000 21 1 2 68
i2 0.000000 12.000000 20 1 2 68
i2 0.000000 12.000000 21 1 2 68
i2 0.000000 12.000000 21 1 2 68
i2 0.000000 12.000000 21 1 2 68
i2 0.000000 12.000000 20 1 2 68
i2 0.000000 12.000000 18 1 2 68
i2 0.000000 12.000000 17 1 2 68
i2 0.000000 12.000000 17 1 2 68
i2 0.000000 12.000000 17 1 2 68
i2 0.000000 12.000000 17 1 2 68
i2 0.000000 12.000000 16 1 2 68
i2 0.000000 12.000000 16 1 2 68
i2 0.000000 12.000000 17 1 2 68
i1 0.000000 12.000000 17 1 1 68
i1 0.000000 12.000000 18 1 1 68
i1 0.000000 12.000000 18 1 1 68
i1 0.000000 12.000000 17 1 1 68
i1 0.000000 12.000000 16 1 1 68
i1 0.000000 12.000000 16 1 1 68
i1 0.000000 12.000000 16 1 1 68
i1 0.000000 12.000000 17 1 1 68
i1 0.000000 12.000000 19 1 1 68
i1 0.000000 12.000000 20 1 1 68
i1 0.000000 12.000000 21 1 1 68
i1 0.000000 12.000000 21 1 1 68
i1 0.000000 12.000000 21 1 1 68
i4 0.000000 12.000000 21 1 4 68
i4 0.000000 12.000000 21 1 4 68
i4 0.000000 12.000000 21 1 4 68
i4 0.000000 12.000000 21 1 4 68
i4 0.000000 12.000000 20 1 4 68
i4 0.000000 12.000000 18 1 4 68
i4 0.000000 12.000000 17 1 4 68
i4 0.000000 12.000000 16 1 4 68
i4 0.000000 12.000000 16 1 4 68
i4 0.000000 12.000000 16 1 4 68
i4 0.000000 12.000000 17 1 4 68
i4 0.000000 12.000000 18 1 4 68
i4 0.000000 12.000000 18 1 4 68
i4 0.000000 12.000000 18 1 4 68
i4 0.000000 12.000000 18 1 4 68
i4 0.000000 12.000000 18 1 4 68
i4 0.000000 12.000000 17 1 4 68
i4 0.000000 12.000000 17 1 4 68
i4 0.000000 12.000000 16 1 4 68
i4 0.000000 12.000000 17 1 4 68
i4 0.000000 12.000000 17 1 4 68
i4 0.000000 12.000000 16 1 4 68
i4 0.000000 12.000000 16 1 4 68
i4 0.000000 12.000000 15 1 4 68
i4 0.000000 12.000000 12 1 4 68
i4 0.000000 12.000000 8 1 4 68
i2 0.000000 12.000000 16 1 2 70
i2 0.000000 12.000000 16 1 2 70
i2 0.000000 12.000000 16 1 2 70
i2 0.000000 12.000000 16 1 2 70
i2 0.000000 12.000000 16 1 2 70
i2 0.000000 12.000000 17 1 2 70
i2 0.000000 12.000000 18 1 2 70
i2 0.000000 12.000000 19 1 2 70
i2 0.000000 12.000000 19 1 2 70
i2 0.000000 12.000000 18 1 2 70
i2 0.000000 12.000000 19 1 2 70
i2 0.000000 12.000000 20 1 2 70
i2 0.000000 12.000000 21 1 2 70
i2 0.000000 12.000000 21 1 2 70
i2 0.000000 12.000000 22 1 2 70
i2 0.000000 12.000000 23 1 2 70
i2 0.000000 12.000000 21 1 2 70
i2 0.000000 12.000000 21 1 2 70
i2 0.000000 12.000000 20 1 2 70
i2 0.000000 12.000000 20 1 2 70
i2 0.000000 12.000000 20 1 2 70
i2 0.000000 12.000000 18 1 2 70
i2 0.000000 12.000000 16 1 2 70
i2 0.000000 12.000000 15 1 2 70
i2 0.000000 12.000000 15 1 2 70
i2 0.000000 12.000000 16 1 2 70
i2 0.000000 12.000000 15 1 2 70
i2 0.000000 12.000000 15 1 2 70
i2 0.000000 12.000000 15 1 2 70
i2 0.000000 12.000000 15 1 2 70
i1 0.000000 12.000000 16 1 1 70
i1 0.000000 12.000000 16 1 1 70
i1 0.000000 12.000000 16 1 1 70
i1 0.000000 12.000000 15 1 1 70
i1 0.000000 12.000000 15 1 1 70
i1 0.000000 12.000000 14 1 1 70
i1 0.000000 12.000000 14 1 1 70
i1 0.000000 12.000000 15 1 1 70
i1 0.000000 12.000000 17 1 1 70
i1 0.000000 12.000000 19 1 1 70
i1 0.000000 12.000000 22 1 1 70
i1 0.000000 12.000000 23 1 1 70
i1 0.000000 12.000000 23 1 1 70
i4 0.000000 12.000000 23 1 4 70
i4 0.000000 12.000000 22 1 4 70
i4 0.000000 12.000000 22 1 4 70
i4 0.000000 12.000000 22 1 4 70
i4 0.000000 12.000000 21 1 4 70
i4 0.000000 12.000000 19 1 4 70
i4 0.000000 12.000000 18 1 4 70
i4 0.000000 12.000000 18 1 4 70
i4 0.000000 12.000000 17 1 4 70
i4 0.000000 12.000000 18 1 4 70
i4 0.000000 12.000000 19 1 4 70
i4 0.000000 12.000000 20 1 4 70
i4 0.000000 12.000000 19 1 4 70
i4 0.000000 12.000000 18 1 4 70
i4 0.000000 12.000000 18 1 4 70
i4 0.000000 12.000000 18 1 4 70
i4 0.000000 12.000000 18 1 4 70
i4 0.000000 12.000000 17 1 4 70
i4 0.000000 12.000000 17 1 4 70
i4 0.000000 12.000000 16 1 4 70
i4 0.000000 12.000000 17 1 4 70
i4 0.000000 12.000000 17 1 4 70
i4 0.000000 12.000000 17 1 4 70
i4 0.000000 12.000000 16 1 4 70
i4 0.000000 12.000000 13 1 4 70
i4 0.000000 12.000000 10 1 4 70
i2 0.000000 12.000000 16 1 2 72
i2 0.000000 12.000000 17 1 2 72
i2 0.000000 12.000000 17 1 2 72
i2 0.000000 12.000000 17 1 2 72
i2 0.000000 12.000000 16 1 2 72
i2 0.000000 12.000000 17 1 2 72
i2 0.000000 12.000000 17 1 2 72
i2 0.000000 12.000000 17 1 2 72
i2 0.000000 12.000000 17 1 2 72
i2 0.000000 12.000000 17 1 2 72
i2 0.000000 12.000000 18 1 2 72
i2 0.000000 12.000000 20 1 2 72
i2 0.000000 12.000000 21 1 2 72
i2 0.000000 12.000000 21 1 2 72
i2 0.000000 12.000000 22 1 2 72
i2 0.000000 12.000000 23 1 2 72
i2 0.000000 12.000000 22 1 2 72
i2 0.000000 12.000000 21 1 2 72
i2 0.000000 12.000000 20 1 2 72
i2 0.000000 12.000000 20 1 2 72
i2 0.000000 12.000000 18 1 2 72
i2 0.000000 12.000000 16 1 2 72
i2 0.000000 12.000000 14 1 2 72
i2 0.000000 12.000000 14 1 2 72
i2 0.000000 12.000000 14 1 2 72
i2 0.000000 12.000000 13 1 2 72
i2 0.000000 12.000000 14 1 2 72
i2 0.000000 12.000000 14 1 2 72
i2 0.000000 12.000000 14 1 2 72
i2 0.000000 12.000000 14 1 2 72
i1 0.000000 12.000000 14 1 1 72
i1 0.000000 12.000000 15 1 1 72
i1 0.000000 12.000000 14 1 1 72
i1 0.000000 12.000000 14 1 1 72
i1 0.000000 12.000000 14 1 1 72
i1 0.000000 12.000000 14 1 1 72
i1 0.000000 12.000000 14 1 1 72
i1 0.000000 12.000000 14 1 1 72
i1 0.000000 12.000000 15 1 1 72
i1 0.000000 12.000000 17 1 1 72
i1 0.000000 12.000000 20 1 1 72
i1 0.000000 12.000000 22 1 1 72
i1 0.000000 12.000000 23 1 1 72
i4 0.000000 12.000000 23 1 4 72
i4 0.000000 12.000000 24 1 4 72
i4 0.000000 12.000000 24 1 4 72
i4 0.000000 12.000000 24 1 4 72
i4 0.000000 12.000000 22 1 4 72
i4 0.000000 12.000000 20 1 4 72
i4 0.000000 12.000000 19 1 4 72
i4 0.000000 12.000000 18 1 4 72
i4 0.000000 12.000000 19 1 4 72
i4 0.000000 12.000000 19 1 4 72
i4 0.000000 12.000000 20 1 4 72
i4 0.000000 12.000000 20 1 4 72
i4 0.000000 12.000000 19 1 4 72
i4 0.000000 12.000000 17 1 4 72
i4 0.000000 12.000000 17 1 4 72
i4 0.000000 12.000000 17 1 4 72
i4 0.000000 12.000000 17 1 4 72
i4 0.000000 12.000000 16 1 4 72
i4 0.000000 12.000000 17 1 4 72
i4 0.000000 12.000000 17 1 4 72
i4 0.000000 12.000000 17 1 4 72
i4 0.000000 12.000000 18 1 4 72
i4 0.000000 12.000000 17 1 4 72
i4 0.000000 12.000000 15 1 4 72
i4 0.000000 12.000000 13 1 4 72
i4 0.000000 12.000000 11 1 4 72
i2 0.000000 12.000000 17 1 2 74
i2 0.000000 12.000000 17 1 2 74
i2 0.000000 12.000000 18 1 2 74
i2 0.000000 12.000000 17 1 2 74
i2 0.000000 12.000000 16 1 2 74
i2 0.000000 12.000000 15 1 2 74
i2 0.000000 12.000000 14 1 2 74
i2 0.000000 12.000000 15 1 2 74
i2 0.000000 12.000000 16 1 2 74
i2 0.000000 12.000000 17 1 2 74
i2 0.000000 12.000000 18 1 2 74
i2 0.000000 12.000000 19 1 2 74
i2 0.000000 12.000000 20 1 2 74
i2 0.000000 12.000000 21 1 2 74
i2 0.000000 12.000000 22 1 2 74
i2 0.000000 12.000000 21 1 2 74
i2 0.000000 12.000000 20 1 2 74
i2 0.000000 12.000000 20 1 2 74
i2 0.000000 12.000000 18 1 2 74
i2 0.000000 12.000000 16 1 2 74
i2 0.000000 12.000000 14 1 2 74
i2 0.000000 12.000000 13 1 2 74
i2 0.000000 12.000000 12 1 2 74
i2 0.000000 12.000000 12 1 2 74
i2 0.000000 12.000000 11 1 2 74
i2 0.000000 12.000000 12 1 2 74
i2 0.000000 12.000000 13 1 2 74
i2 0.000000 12.000000 13 1 2 74
i2 0.000000 12.000000 14 1 2 74
i1 0.000000 12.000000 13 1 1 74
i1 0.000000 12.000000 12 1 1 74
i1 0.000000 12.000000 12 1 1 74
i1 0.000000 12.000000 13 1 1 74
i1 0.000000 12.000000 13 1 1 74
i1 0.000000 12.000000 13 1 1 74
i1 0.000000 12.000000 13 1 1 74
i1 0.000000 12.000000 13 1 1 74
i1 0.000000 12.000000 13 1 1 74
i1 0.000000 12.000000 15 1 1 74
i1 0.000000 12.000000 18 1 1 74
i1 0.000000 12.000000 20 1 1 74
i1 0.000000 12.000000 22 1 1 74
i4 0.000000 12.000000 23 1 4 74
i4 0.000000 12.000000 24 1 4 74
i4 0.000000 12.000000 24 1 4 74
i4 0.000000 12.000000 24 1 4 74
i4 0.000000 12.000000 23 1 4 74
i4 0.000000 12.000000 21 1 4 74
i4 0.000000 12.000000 19 1 4 74
i4 0.000000 12.000000 19 1 4 74
i4 0.000000 12.000000 18 1 4 74
i4 0.000000 12.000000 18 1 4 74
i4 0.000000 12.000000 19 1 4 74
i4 0.000000 12.000000 20 1 4 74
i4 0.000000 12.000000 18 1 4 74
i4 0.000000 12.000000 16 1 4 74
i4 0.000000 12.000000 15 1 4 74
i4 0.000000 12.000000 14 1 4 74
i4 0.000000 12.000000 15 1 4 74
i4 0.000000 12.000000 16 1 4 74
i4 0.000000 12.000000 17 1 4 74
i4 0.000000 12.000000 18 1 4 74
i4 0.000000 12.000000 18 1 4 74
i4 0.000000 12.000000 18 1 4 74
i4 0.000000 12.000000 17 1 4 74
i4 0.000000 12.000000 14 1 4 74
i4 0.000000 12.000000 12 1 4 74
i4 0.000000 12.000000 12 1 4 74
i2 0.000000 12.000000 17 1 2 76
i2 0.000000 12.000000 18 1 2 76
i2 0.000000 12.000000 18 1 2 76
i2 0.000000 12.000000 18 1 2 76
i2 0.000000 12.000000 17 1 2 76
i2 0.000000 12.000000 15 1 2 76
i2 0.000000 12.000000 15 1 2 76
i2 0.000000 12.000000 15 1 2 76
i2 0.000000 12.000000 15 1 2 76
i2 0.000000 12.000000 16 1 2 76
i2 0.000000 12.000000 16 1 2 76
i2 0.000000 12.000000 16 1 2 76
i2 0.000000 12.000000 18 1 2 76
i2 0.000000 12.000000 19 1 2 76
i2 0.000000 12.000000 19 1 2 76
i2 0.000000 12.000000 19 1 2 76
i2 0.000000 12.000000 18 1 2 76
i2 0.000000 12.000000 17 1 2 76
i2 0.000000 12.000000 16 1 2 76
i2 0.000000 12.000000 15 1 2 76
i2 0.000000 12.000000 13 1 2 76
i2 0.000000 12.000000 12 1 2 76
i2 0.000000 12.000000 11 1 2 76
i2 0.000000 12.000000 10 1 2 76
i2 0.000000 12.000000 10 1 2 76
i2 0.000000 12.000000 10 1 2 76
i2 0.000000 12.000000 11 1 2 76
i2 0.000000 12.000000 12 1 2 76
i2 0.000000 12.000000 12 1 2 76
i1 0.000000 12.000000 12 1 1 76
i1 0.000000 12.000000 11 1 1 76
i1 0.000000 12.000000 11 1 1 76
i1 0.000000 12.000000 11 1 1 76
i1 0.000000 12.000000 12 1 1 76
i1 0.000000 12.000000 12 1 1 76
i1 0.000000 12.000000 12 1 1 76
i1 0.000000 12.000000 12 1 1 76
i1 0.000000 12.000000 12 1 1 76
i1 0.000000 12.000000 13 1 1 76
i1 0.000000 12.000000 14 1 1 76
i1 0.000000 12.000000 16 1 1 76
i1 0.000000 12.000000 18 1 1 76
i4 0.000000 12.000000 20 1 4 76
i4 0.000000 12.000000 22 1 4 76
i4 0.000000 12.000000 23 1 4 76
i4 0.000000 12.000000 23 1 4 76
i4 0.000000 12.000000 21 1 4 76
i4 0.000000 12.000000 20 1 4 76
i4 0.000000 12.000000 19 1 4 76
i4 0.000000 12.000000 18 1 4 76
i4 0.000000 12.000000 17 1 4 76
i4 0.000000 12.000000 16 1 4 76
i4 0.000000 12.000000 16 1 4 76
i4 0.000000 12.000000 17 1 4 76
i4 0.000000 12.000000 16 1 4 76
i4 0.000000 12.000000 14 1 4 76
i4 0.000000 12.000000 13 1 4 76
i4 0.000000 12.000000 12 1 4 76
i4 0.000000 12.000000 14 1 4 76
i4 0.000000 12.000000 16 1 4 76
i4 0.000000 12.000000 17 1 4 76
i4 0.000000 12.000000 18 1 4 76
i4 0.000000 12.000000 18 1 4 76
i4 0.000000 12.000000 17 1 4 76
i4 0.000000 12.000000 16 1 4 76
i4 0.000000 12.000000 14 1 4 76
i4 0.000000 12.000000 13 1 4 76
i4 0.000000 12.000000 13 1 4 76
i2 0.000000 12.000000 16 1 2 78
i2 0.000000 12.000000 17 1 2 78
i2 0.000000 12.000000 17 1 2 78
i2 0.000000 12.000000 17 1 2 78
i2 0.000000 12.000000 17 1 2 78
i2 0.000000 12.000000 16 1 2 78
i2 0.000000 12.000000 16 1 2 78
i2 0.000000 12.000000 15 1 2 78
i2 0.000000 12.000000 15 1 2 78
i2 0.000000 12.000000 14 1 2 78
i2 0.000000 12.000000 14 1 2 78
i2 0.000000 12.000000 15 1 2 78
i2 0.000000 12.000000 15 1 2 78
i2 0.000000 12.000000 15 1 2 78
i2 0.000000 12.000000 15 1 2 78
i2 0.000000 12.000000 14 1 2 78
i2 0.000000 12.000000 14 1 2 78
i2 0.000000 12.000000 14 1 2 78
i2 0.000000 12.000000 13 1 2 78
i2 0.000000 12.000000 12 1 2 78
i2 0.000000 12.000000 11 1 2 78
i2 0.000000 12.000000 10 1 2 78
i2 0.000000 12.000000 9 1 2 78
i2 0.000000 12.000000 9 1 2 78
i2 0.000000 12.000000 9 1 2 78
i2 0.000000 12.000000 9 1 2 78
i2 0.000000 12.000000 10 1 2 78
i1 0.000000 12.000000 11 1 1 78
i1 0.000000 12.000000 11 1 1 78
i1 0.000000 12.000000 10 1 1 78
i1 0.000000 12.000000 10 1 1 78
i1 0.000000 12.000000 10 1 1 78
i1 0.000000 12.000000 10 1 1 78
i1 0.000000 12.000000 10 1 1 78
i1 0.000000 12.000000 10 1 1 78
i1 0.000000 12.000000 10 1 1 78
i1 0.000000 12.000000 10 1 1 78
i1 0.000000 12.000000 10 1 1 78
i1 0.000000 12.000000 11 1 1 78
i1 0.000000 12.000000 13 1 1 78
i1 0.000000 12.000000 15 1 1 78
i4 0.000000 12.000000 17 1 4 78
i4 0.000000 12.000000 18 1 4 78
i4 0.000000 12.000000 19 1 4 78
i4 0.000000 12.000000 19 1 4 78
i4 0.000000 12.000000 18 1 4 78
i4 0.000000 12.000000 18 1 4 78
i4 0.000000 12.000000 18 1 4 78
i4 0.000000 12.000000 17 1 4 78
i4 0.000000 12.000000 16 1 4 78
i4 0.000000 12.000000 14 1 4 78
i4 0.000000 12.000000 14 1 4 78
i4 0.000000 12.000000 14 1 4 78
i4 0.000000 12.000000 13 1 4 78
i4 0.000000 12.000000 13 1 4 78
i4 0.000000 12.000000 12 1 4 78
i4 0.000000 12.000000 12 1 4 78
i4 0.000000 12.000000 13 1 4 78
i4 0.000000 12.000000 15 1 4 78
i4 0.000000 12.000000 17 1 4 78
i4 0.000000 12.000000 18 1 4 78
i4 0.000000 12.000000 18 1 4 78
i4 0.000000 12.000000 17 1 4 78
i4 0.000000 12.000000 17 1 4 78
i4 0.000000 12.000000 16 1 4 78
i4 0.000000 12.000000 15 1 4 78
i4 0.000000 12.000000 15 1 4 78
i2 0.000000 12.000000 16 1 2 80
i2 0.000000 12.000000 16 1 2 80
i2 0.000000 12.000000 16 1 2 80
i2 0.000000 12.000000 17 1 2 80
i2 0.000000 12.000000 17 1 2 80
i2 0.000000 12.000000 16 1 2 80
i2 0.000000 12.000000 14 1 2 80
i2 0.000000 12.000000 14 1 2 80
i2 0.000000 12.000000 13 1 2 80
i2 0.000000 12.000000 13 1 2 80
i2 0.000000 12.000000 13 1 2 80
i2 0.000000 12.000000 12 1 2 80
i2 0.000000 12.000000 12 1 2 80
i2 0.000000 12.000000 11 1 2 80
i2 0.000000 12.000000 11 1 2 80
i2 0.000000 12.000000 12 1 2 80
i2 0.000000 12.000000 11 1 2 80
i2 0.000000 12.000000 11 1 2 80
i2 0.000000 12.000000 10 1 2 80
i2 0.000000 12.000000 10 1 2 80
i2 0.000000 12.000000 9 1 2 80
i2 0.000000 12.000000 9 1 2 80
i2 0.000000 12.000000 9 1 2 80
i2 0.000000 12.000000 9 1 2 80
i2 0.000000 12.000000 9 1 2 80
i1 0.000000 12.000000 10 1 1 80
i1 0.000000 12.000000 9 1 1 80
i1 0.000000 12.000000 9 1 1 80
i1 0.000000 12.000000 9 1 1 80
i1 0.000000 12.000000 9 1 1 80
i1 0.000000 12.000000 9 1 1 80
i1 0.000000 12.000000 9 1 1 80
i1 0.000000 12.000000 9 1 1 80
i1 0.000000 12.000000 9 1 1 80
i1 0.000000 12.000000 9 1 1 80
i1 0.000000 12.000000 9 1 1 80
i1 0.000000 12.000000 9 1 1 80
i1 0.000000 12.000000 11 1 1 80
i1 0.000000 12.000000 12 1 1 80
i4 0.000000 12.000000 13 1 4 80
i4 0.000000 12.000000 14 1 4 80
i4 0.000000 12.000000 15 1 4 80
i4 0.000000 12.000000 15 1 4 80
i4 0.000000 12.000000 15 1 4 80
i4 0.000000 12.000000 16 1 4 80
i4 0.000000 12.000000 17 1 4 80
i4 0.000000 12.000000 16 1 4 80
i4 0.000000 12.000000 14 1 4 80
i4 0.000000 12.000000 12 1 4 80
i4 0.000000 12.000000 12 1 4 80
i4 0.000000 12.000000 12 1 4 80
i4 0.000000 12.000000 12 1 4 80
i4 0.000000 12.000000 11 1 4 80
i4 0.000000 12.000000 11 1 4 80
i4 0.000000 12.000000 12 1 4 80
i4 0.000000 12.000000 13 1 4 80
i4 0.000000 12.000000 15 1 4 80
i4 0.000000 12.000000 17 1 4 80
i4 0.000000 12.000000 18 1 4 80
i4 0.000000 12.000000 17 1 4 80
i4 0.000000 12.000000 17 1 4 80
i4 0.000000 12.000000 18 1 4 80
i4 0.000000 12.000000 18 1 4 80
i4 0.000000 12.000000 18 1 4 80
i4 0.000000 12.000000 17 1 4 80
i2 0.000000 12.000000 15 1 2 82
i2 0.000000 12.000000 16 1 2 82
i2 0.000000 12.000000 16 1 2 82
i2 0.000000 12.000000 17 1 2 82
i2 0.000000 12.000000 17 1 2 82
i2 0.000000 12.000000 17 1 2 82
i2 0.000000 12.000000 14 1 2 82
i2 0.000000 12.000000 14 1 2 82
i2 0.000000 12.000000 13 1 2 82
i2 0.000000 12.000000 12 1 2 82
i2 0.000000 12.000000 12 1 2 82
i2 0.000000 12.000000 11 1 2 82
i2 0.000000 12.000000 11 1 2 82
i2 0.000000 12.000000 11 1 2 82
i2 0.000000 12.000000 11 1 2 82
i2 0.000000 12.000000 10 1 2 82
i2 0.000000 12.000000 10 1 2 82
i2 0.000000 12.000000 10 1 2 82
i2 0.000000 12.000000 9 1 2 82
i2 0.000000 12.000000 9 1 2 82
i2 0.000000 12.000000 10 1 2 82
i2 0.000000 12.000000 10 1 2 82
i2 0.000000 12.000000 9 1 2 82
i2 0.000000 12.000000 10 1 2 82
i2 0.000000 12.000000 10 1 2 82
i1 0.000000 12.000000 10 1 1 82
i1 0.000000 12.000000 9 1 1 82
i1 0.000000 12.000000 8 1 1 82
i1 0.000000 12.000000 8 1 1 82
i1 0.000000 12.000000 8 1 1 82
i1 0.000000 12.000000 8 1 1 82
i1 0.000000 12.000000 9 1 1 82
i1 0.000000 12.000000 9 1 1 82
i1 0.000000 12.000000 9 1 1 82
i1 0.000000 12.000000 8 1 1 82
i1 0.000000 12.000000 8 1 1 82
i1 0.000000 12.000000 9 1 1 82
i1 0.000000 12.000000 10 1 1 82
i1 0.000000 12.000000 11 1 1 82
i4 0.000000 12.000000 11 1 4 82
i4 0.000000 12.000000 12 1 4 82
i4 0.000000 12.000000 12 1 4 82
i4 0.000000 12.000000 12 1 4 82
i4 0.000000 12.000000 12 1 4 82
i4 0.000000 12.000000 13 1 4 82
i4 0.000000 12.000000 14 1 4 82
i4 0.000000 12.000000 13 1 4 82
i4 0.000000 12.000000 12 1 4 82
i4 0.000000 12.000000 11 1 4 82
i4 0.000000 12.000000 10 1 4 82
i4 0.000000 12.000000 11 1 4 82
i4 0.000000 12.000000 11 1 4 82
i4 0.000000 12.000000 11 1 4 82
i4 0.000000 12.000000 11 1 4 82
i4 0.000000 12.000000 12 1 4 82
i4 0.000000 12.000000 13 1 4 82
i4 0.000000 12.000000 15 1 4 82
i4 0.000000 12.000000 17 1 4 82
i4 0.000000 12.000000 18 1 4 82
i4 0.000000 12.000000 17 1 4 82
i4 0.000000 12.000000 17 1 4 82
i4 0.000000 12.000000 18 1 4 82
i4 0.000000 12.000000 19 1 4 82
i4 0.000000 12.000000 19 1 4 82
i4 0.000000 12.000000 19 1 4 82
i2 0.000000 12.000000 15 1 2 84
i2 0.000000 12.000000 16 1 2 84
i2 0.000000 12.000000 17 1 2 84
i2 0.000000 12.000000 17 1 2 84
i2 0.000000 12.000000 18 1 2 84
i2 0.000000 12.000000 18 1 2 84
i2 0.000000 12.000000 14 1 2 84
i2 0.000000 12.000000 14 1 2 84
i2 0.000000 12.000000 13 1 2 84
i2 0.000000 12.000000 12 1 2 84
i2 0.000000 12.000000 11 1 2 84
i2 0.000000 12.000000 11 1 2 84
i2 0.000000 12.000000 11 1 2 84
i2 0.000000 12.000000 11 1 2 84
i2 0.000000 12.000000 10 1 2 84
i2 0.000000 12.000000 10 1 2 84
i2 0.000000 12.000000 10 1 2 84
i2 0.000000 12.000000 10 1 2 84
i2 0.000000 12.000000 9 1 2 84
i2 0.000000 12.000000 9 1 2 84
i2 0.000000 12.000000 10 1 2 84
i2 0.000000 12.000000 10 1 2 84
i2 0.000000 12.000000 10 1 2 84
i2 0.000000 12.000000 10 1 2 84
i2 0.000000 12.000000 10 1 2 84
i3 0.000000 12.000000 10 1 3 84
i3 0.000000 12.000000 9 1 3 84
i1 0.000000 12.000000 8 1 1 84
i1 0.000000 12.000000 8 1 1 84
i1 0.000000 12.000000 8 1 1 84
i1 0.000000 12.000000 8 1 1 84
i1 0.000000 12.000000 9 1 1 84
i1 0.000000 12.000000 9 1 1 84
i1 0.000000 12.000000 9 1 1 84
i1 0.000000 12.000000 9 1 1 84
i1 0.000000 12.000000 9 1 1 84
i1 0.000000 12.000000 9 1 1 84
i1 0.000000 12.000000 10 1 1 84
i1 0.000000 12.000000 10 1 1 84
i4 0.000000 12.000000 10 1 4 84
i4 0.000000 12.000000 11 1 4 84
i4 0.000000 12.000000 10 1 4 84
i4 0.000000 12.000000 10 1 4 84
i4 0.000000 12.000000 10 1 4 84
i4 0.000000 12.000000 11 1 4 84
i4 0.000000 12.000000 11 1 4 84
i4 0.000000 12.000000 11 1 4 84
i4 0.000000 12.000000 11 1 4 84
i4 0.000000 12.000000 10 1 4 84
i4 0.000000 12.000000 10 1 4 84
i4 0.000000 12.000000 10 1 4 84
i4 0.000000 12.000000 11 1 4 84
i4 0.000000 12.000000 11 1 4 84
i4 0.000000 12.000000 12 1 4 84
i4 0.000000 12.000000 13 1 4 84
i4 0.000000 12.000000 15 1 4 84
i4 0.000000 12.000000 17 1 4 84
i4 0.000000 12.000000 18 1 4 84
i4 0.000000 12.000000 18 1 4 84
i4 0.000000 12.000000 17 1 4 84
i4 0.000000 12.000000 17 1 4 84
i4 0.000000 12.000000 18 1 4 84
i4 0.000000 12.000000 19 1 4 84
i4 0.000000 12.000000 20 1 4 84
i4 0.000000 12.000000 20 1 4 84
i2 0.000000 12.000000 17 1 2 86
i2 0.000000 12.000000 17 1 2 86
i2 0.000000 12.000000 18 1 2 86
i2 0.000000 12.000000 18 1 2 86
i2 0.000000 12.000000 18 1 2 86
i2 0.000000 12.000000 18 1 2 86
i2 0.000000 12.000000 14 1 2 86
i2 0.000000 12.000000 14 1 2 86
i2 0.000000 12.000000 13 1 2 86
i2 0.000000 12.000000 12 1 2 86
i2 0.000000 12.000000 11 1 2 86
i2 0.000000 12.000000 11 1 2 86
i2 0.000000 12.000000 12 1 2 86
i2 0.000000 12.000000 11 1 2 86
i2 0.000000 12.000000 11 1 2 86
i2 0.000000 12.000000 11 1 2 86
i2 0.000000 12.000000 11 1 2 86
i2 0.000000 12.000000 11 1 2 86
i2 0.000000 12.000000 10 1 2 86
i2 0.000000 12.000000 10 1 2 86
i2 0.000000 12.000000 10 1 2 86
i2 0.000000 12.000000 11 1 2 86
i2 0.000000 12.000000 11 1 2 86
i2 0.000000 12.000000 11 1 2 86
i2 0.000000 12.000000 11 1 2 86
i3 0.000000 12.000000 10 1 3 86
i3 0.000000 12.000000 10 1 3 86
i3 0.000000 12.000000 9 1 3 86
i3 0.000000 12.000000 9 1 3 86
i1 0.000000 12.000000 9 1 1 86
i1 0.000000 12.000000 9 1 1 86
i1 0.000000 12.000000 9 1 1 86
i1 0.000000 12.000000 9 1 1 86
i1 0.000000 12.000000 9 1 1 86
i1 0.000000 12.000000 9 1 1 86
i1 0.000000 12.000000 10 1 1 86
i1 0.000000 12.000000 10 1 1 86
i1 0.000000 12.000000 10 1 1 86
i1 0.000000 12.000000 10 1 1 86
i4 0.000000 12.000000 10 1 4 86
i4 0.000000 12.000000 10 1 4 86
i4 0.000000 12.000000 9 1 4 86
i4 0.000000 12.000000 9 1 4 86
i4 0.000000 12.000000 9 1 4 86
i4 0.000000 12.000000 10 1 4 86
i4 0.000000 12.000000 11 1 4 86
i4 0.000000 12.000000 11 1 4 86
i4 0.000000 12.000000 11 1 4 86
i4 0.000000 12.000000 10 1 4 86
i4 0.000000 12.000000 10 1 4 86
i4 0.000000 12.000000 11 1 4 86
i4 0.000000 12.000000 11 1 4 86
i4 0.000000 12.000000 12 1 4 86
i4 0.000000 12.000000 13 1 4 86
i4 0.000000 12.000000 14 1 4 86
i4 0.000000 12.000000 16 1 4 86
i4 0.000000 12.000000 18 1 4 86
i4 0.000000 12.000000 18 1 4 86
i4 0.000000 12.000000 17 1 4 86
i4 0.000000 12.000000 17 1 4 86
i4 0.000000 12.000000 18 1 4 86
i4 0.000000 12.000000 19 1 4 86
i4 0.000000 12.000000 20 1 4 86
i4 0.000000 12.000000 20 1 4 86
i4 0.000000 12.000000 19 1 4 86
i2 0.000000 12.000000 17 1 2 88
i2 0.000000 12.000000 18 1 2 88
i2 0.000000 12.000000 18 1 2 88
i2 0.000000 12.000000 18 1 2 88
i2 0.000000 12.000000 18 1 2 88
i2 0.000000 12.000000 17 1 2 88
i2 0.000000 12.000000 15 1 2 88
i2 0.000000 12.000000 15 1 2 88
i2 0.000000 12.000000 14 1 2 88
i2 0.000000 12.000000 13 1 2 88
i2 0.000000 12.000000 12 1 2 88
i2 0.000000 12.000000 12 1 2 88
i2 0.000000 12.000000 12 1 2 88
i2 0.000000 12.000000 11 1 2 88
i2 0.000000 12.000000 11 1 2 88
i2 0.000000 12.000000 11 1 2 88
i2 0.000000 12.000000 11 1 2 88
i2 0.000000 12.000000 12 1 2 88
i2 0.000000 12.000000 11 1 2 88
i2 0.000000 12.000000 11 1 2 88
i2 0.000000 12.000000 11 1 2 88
i2 0.000000 12.000000 12 1 2 88
i2 0.000000 12.000000 12 1 2 88
i2 0.000000 12.000000 12 1 2 88
i3 0.000000 12.000000 11 1 3 88
i3 0.000000 12.000000 11 1 3 88
i3 0.000000 12.000000 10 1 3 88
i3 0.000000 12.000000 10 1 3 88
i3 0.000000 12.000000 10 1 3 88
i3 0.000000 12.000000 9 1 3 88
i3 0.000000 12.000000 9 1 3 88
i3 0.000000 12.000000 10 1 3 88
i1 0.000000 12.000000 10 1 1 88
i1 0.000000 12.000000 11 1 1 88
i1 0.000000 12.000000 11 1 1 88
i1 0.000000 12.000000 11 1 1 88
i1 0.000000 12.000000 11 1 1 88
i1 0.000000 12.000000 10 1 1 88
i1 0.000000 12.000000 10 1 1 88
i4 0.000000 12.000000 9 1 4 88
i4 0.000000 12.000000 9 1 4 88
i4 0.000000 12.000000 9 1 4 88
i4 0.000000 12.000000 9 1 4 88
i4 0.000000 12.000000 9 1 4 88
i4 0.000000 12.000000 11 1 4 88
i4 0.000000 12.000000 11 1 4 88
i4 0.000000 12.000000 12 1 4 88
i4 0.000000 12.000000 11 1 4 88
i4 0.000000 12.000000 11 1 4 88
i4 0.000000 12.000000 11 1 4 88
i4 0.000000 12.000000 12 1 4 88
i4 0.000000 12.000000 12 1 4 88
i4 0.000000 12.000000 13 1 4 88
i4 0.000000 12.000000 14 1 4 88
i4 0.000000 12.000000 15 1 4 88
i4 0.000000 12.000000 17 1 4 88
i4 0.000000 12.000000 18 1 4 88
i4 0.000000 12.000000 18 1 4 88
i4 0.000000 12.000000 17 1 4 88
i4 0.000000 12.000000 17 1 4 88
i4 0.000000 12.000000 18 1 4 88
i4 0.000000 12.000000 18 1 4 88
i4 0.000000 12.000000 19 1 4 88
i4 0.000000 12.000000 19 1 4 88
i4 0.000000 12.000000 17 1 4 88
i2 0.000000 12.000000 17 1 2 90
i2 0.000000 12.000000 18 1 2 90
i2 0.000000 12.000000 17 1 2 90
i2 0.000000 12.000000 16 1 2 90
i2 0.000000 12.000000 16 1 2 90
i2 0.000000 12.000000 16 1 2 90
i2 0.000000 12.000000 17 1 2 90
i2 0.000000 12.000000 16 1 2 90
i2 0.000000 12.000000 14 1 2 90
i2 0.000000 12.000000 13 1 2 90
i2 0.000000 12.000000 12 1 2 90
i2 0.000000 12.000000 12 1 2 90
i2 0.000000 12.000000 12 1 2 90
i2 0.000000 12.000000 12 1 2 90
i2 0.000000 12.000000 12 1 2 90
i2 0.000000 12.000000 13 1 2 90
i2 0.000000 12.000000 14 1 2 90
i2 0.000000 12.000000 13 1 2 90
i2 0.000000 12.000000 13 1 2 90
i2 0.000000 12.000000 13 1 2 90
i2 0.000000 12.000000 14 1 2 90
i2 0.000000 12.000000 14 1 2 90
i2 0.000000 12.000000 13 1 2 90
i3 0.000000 12.000000 12 1 3 90
i3 0.000000 12.000000 12 1 3 90
i3 0.000000 12.000000 11 1 3 90
i3 0.000000 12.000000 11 1 3 90
i3 0.000000 12.000000 10 1 3 90
i3 0.000000 12.000000 10 1 3 90
i3 0.000000 12.000000 11 1 3 90
i3 0.000000 12.000000 11 1 3 90
i3 0.000000 12.000000 12 1 3 90
i3 0.000000 12.000000 13 1 3 90
i1 0.000000 12.000000 14 1 1 90
i1 0.000000 12.000000 14 1 1 90
i1 0.000000 12.000000 13 1 1 90
i1 0.000000 12.000000 11 1 1 90
i1 0.000000 12.000000 10 1 1 90
i4 0.000000 12.000000 10 1 4 90
i4 0.000000 12.000000 10 1 4 90
i4 0.000000 12.000000 10 1 4 90
i4 0.000000 12.000000 10 1 4 90
i4 0.000000 12.000000 11 1 4 90
i4 0.000000 12.000000 12 1 4 90
i4 0.000000 12.000000 13 1 4 90
i4 0.000000 12.000000 12 1 4 90
i4 0.000000 12.000000 12 1 4 90
i4 0.000000 12.000000 13 1 4 90
i4 0.000000 12.000000 13 1 4 90
i4 0.000000 12.000000 13 1 4 90
i4 0.000000 12.000000 13 1 4 90
i4 0.000000 12.000000 13 1 4 90
i4 0.000000 12.000000 14 1 4 90
i4 0.000000 12.000000 16 1 4 90
i4 0.000000 12.000000 17 1 4 90
i4 0.000000 12.000000 18 1 4 90
i4 0.000000 12.000000 18 1 4 90
i4 0.000000 12.000000 17 1 4 90
i4 0.000000 12.000000 17 1 4 90
i4 0.000000 12.000000 17 1 4 90
i4 0.000000 12.000000 17 1 4 90
i4 0.000000 12.000000 18 1 4 90
i4 0.000000 12.000000 18 1 4 90
i2 0.000000 12.000000 16 1 2 92
i2 0.000000 12.000000 16 1 2 92
i2 0.000000 12.000000 17 1 2 92
i2 0.000000 12.000000 18 1 2 92
i2 0.000000 12.000000 16 1 2 92
i2 0.000000 12.000000 14 1 2 92
i2 0.000000 12.000000 14 1 2 92
i2 0.000000 12.000000 14 1 2 92
i2 0.000000 12.000000 14 1 2 92
i2 0.000000 12.000000 13 1 2 92
i2 0.000000 12.000000 14 1 2 92
i2 0.000000 12.000000 15 1 2 92
i2 0.000000 12.000000 16 1 2 92
i2 0.000000 12.000000 16 1 2 92
i2 0.000000 12.000000 16 1 2 92
i2 0.000000 12.000000 16 1 2 92
i2 0.000000 12.000000 16 1 2 92
i2 0.000000 12.000000 16 1 2 92
i2 0.000000 12.000000 15 1 2 92
i3 0.000000 12.000000 14 1 3 92
i3 0.000000 12.000000 13 1 3 92
i3 0.000000 12.000000 12 1 3 92
i3 0.000000 12.000000 11 1 3 92
i3 0.000000 12.000000 11 1 3 92
i3 0.000000 12.000000 12 1 3 92
i3 0.000000 12.000000 13 1 3 92
i3 0.000000 12.000000 14 1 3 92
i3 0.000000 12.000000 15 1 3 92
i3 0.000000 12.000000 16 1 3 92
i3 0.000000 12.000000 17 1 3 92
i3 0.000000 12.000000 16 1 3 92
i3 0.000000 12.000000 15 1 3 92
i1 0.000000 12.000000 12 1 1 92
i1 0.000000 12.000000 11 1 1 92
i4 0.000000 12.000000 11 1 4 92
i4 0.000000 12.000000 11 1 4 92
i4 0.000000 12.000000 11 1 4 92
i4 0.000000 12.000000 12 1 4 92
i4 0.000000 12.000000 13 1 4 92
i4 0.000000 12.000000 14 1 4 92
i4 0.000000 12.000000 14 1 4 92
i4 0.000000 12.000000 14 1 4 92
i4 0.000000 12.000000 14 1 4 92
i4 0.000000 12.000000 15 1 4 92
i4 0.000000 12.000000 15 1 4 92
i4 0.000000 12.000000 15 1 4 92
i4 0.000000 12.000000 14 1 4 92
i4 0.000000 12.000000 14 1 4 92
i4 0.000000 12.000000 15 1 4 92
i4 0.000000 12.000000 16 1 4 92
i4 0.000000 12.000000 17 1 4 92
i4 0.000000 12.000000 18 1 4 92
i4 0.000000 12.000000 17 1 4 92
i4 0.000000 12.000000 17 1 4 92
i2 0.000000 12.000000 18 1 2 94
i2 0.000000 12.000000 19 1 2 94
i2 0.000000 12.000000 17 1 2 94
i2 0.000000 12.000000 15 1 2 94
i2 0.000000 12.000000 15 1 2 94
i2 0.000000 12.000000 16 1 2 94
i2 0.000000 12.000000 16 1 2 94
i2 0.000000 12.000000 16 1 2 94
i2 0.000000 12.000000 16 1 2 94
i2 0.000000 12.000000 17 1 2 94
i2 0.000000 12.000000 18 1 2 94
i2 0.000000 12.000000 18 1 2 94
i2 0.000000 12.000000 18 1 2 94
i2 0.000000 12.000000 19 1 2 94
i2 0.000000 12.000000 19 1 2 94
i2 0.000000 12.000000 18 1 2 94
i3 0.000000 12.000000 17 1 3 94
i3 0.000000 12.000000 16 1 3 94
i3 0.000000 12.000000 14 1 3 94
i3 0.000000 12.000000 13 1 3 94
i3 0.000000 12.000000 13 1 3 94
i3 0.000000 12.000000 13 1 3 94
i3 0.000000 12.000000 15 1 3 94
i3 0.000000 12.000000 17 1 3 94
i3 0.000000 12.000000 18 1 3 94
i3 0.000000 12.000000 18 1 3 94
i3 0.000000 12.000000 19 1 3 94
i3 0.000000 12.000000 20 1 3 94
i3 0.000000 12.000000 19 1 3 94
i3 0.000000 12.000000 17 1 3 94
i3 0.000000 12.000000 14 1 3 94
i3 0.000000 12.000000 12 1 3 94
i1 0.000000 12.000000 12 1 1 94
i4 0.000000 12.000000 12 1 4 94
i4 0.000000 12.000000 13 1 4 94
i4 0.000000 12.000000 14 1 4 94
i4 0.000000 12.000000 15 1 4 94
i4 0.000000 12.000000 16 1 4 94
i4 0.000000 12.000000 16 1 4 94
i4 0.000000 12.000000 16 1 4 94
i4 0.000000 12.000000 16 1 4 94
i4 0.000000 12.000000 17 1 4 94
i4 0.000000 12.000000 17 1 4 94
i4 0.000000 12.000000 16 1 4 94
i4 0.000000 12.000000 16 1 4 94
i4 0.000000 12.000000 15 1 4 94
i4 0.000000 12.000000 15 1 4 94
i4 0.000000 12.000000 16 1 4 94
i4 0.000000 12.000000 17 1 4 94
i4 0.000000 12.000000 17 1 4 94
i4 0.000000 12.000000 16 1 4 94
i2 0.000000 12.000000 17 1 2 96
i2 0.000000 12.000000 19 1 2 96
i2 0.000000 12.000000 18 1 2 96
i2 0.000000 12.000000 16 1 2 96
i2 0.000000 12.000000 17 1 2 96
i2 0.000000 12.000000 18 1 2 96
i2 0.000000 12.000000 18 1 2 96
i2 0.000000 12.000000 17 1 2 96
i2 0.000000 12.000000 17 1 2 96
i2 0.000000 12.000000 17 1 2 96
i2 0.000000 12.000000 18 1 2 96
i2 0.000000 12.000000 18 1 2 96
i2 0.000000 12.000000 19 1 2 96
i2 0.000000 12.000000 20 1 2 96
i2 0.000000 12.000000 21 1 2 96
i2 0.000000 12.000000 21 1 2 96
i3 0.000000 12.000000 20 1 3 96
i3 0.000000 12.000000 18 1 3 96
i3 0.000000 12.000000 15 1 3 96
i3 0.000000 12.000000 14 1 3 96
i3 0.000000 12.000000 14 1 3 96
i3 0.000000 12.000000 16 1 3 96
i3 0.000000 12.000000 19 1 3 96
i3 0.000000 12.000000 21 1 3 96
i3 0.000000 12.000000 22 1 3 96
i3 0.000000 12.000000 22 1 3 96
i3 0.000000 12.000000 22 1 3 96
i3 0.000000 12.000000 23 1 3 96
i3 0.000000 12.000000 22 1 3 96
i3 0.000000 12.000000 19 1 3 96
i3 0.000000 12.000000 15 1 3 96
i3 0.000000 12.000000 13 1 3 96
i3 0.000000 12.000000 13 1 3 96
i4 0.000000 12.000000 14 1 4 96
i4 0.000000 12.000000 15 1 4 96
i4 0.000000 12.000000 16 1 4 96
i4 0.000000 12.000000 17 1 4 96
i4 0.000000 12.000000 17 1 4 96
i4 0.000000 12.000000 17 1 4 96
i4 0.000000 12.000000 17 1 4 96
i4 0.000000 12.000000 18 1 4 96
i4 0.000000 12.000000 18 1 4 96
i4 0.000000 12.000000 18 1 4 96
i4 0.000000 12.000000 18 1 4 96
i4 0.000000 12.000000 17 1 4 96
i4 0.000000 12.000000 16 1 4 96
i4 0.000000 12.000000 16 1 4 96
i4 0.000000 12.000000 17 1 4 96
i4 0.000000 12.000000 18 1 4 96
i4 0.000000 12.000000 18 1 4 96
i4 0.000000 12.000000 16 1 4 96
i2 0.000000 12.000000 17 1 2 98
i2 0.000000 12.000000 19 1 2 98
i2 0.000000 12.000000 19 1 2 98
i2 0.000000 12.000000 18 1 2 98
i2 0.000000 12.000000 18 1 2 98
i2 0.000000 12.000000 19 1 2 98
i2 0.000000 12.000000 18 1 2 98
i2 0.000000 12.000000 18 1 2 98
i2 0.000000 12.000000 18 1 2 98
i2 0.000000 12.000000 18 1 2 98
i2 0.000000 12.000000 18 1 2 98
i2 0.000000 12.000000 19 1 2 98
i2 0.000000 12.000000 19 1 2 98
i2 0.000000 12.000000 20 1 2 98
i2 0.000000 12.000000 22 1 2 98
i2 0.000000 12.000000 23 1 2 98
i3 0.000000 12.000000 22 1 3 98
i3 0.000000 12.000000 19 1 3 98
i3 0.000000 12.000000 16 1 3 98
i3 0.000000 12.000000 14 1 3 98
i3 0.000000 12.000000 15 1 3 98
i3 0.000000 12.000000 18 1 3 98
i3 0.000000 12.000000 22 1 3 98
i3 0.000000 12.000000 24 1 3 98
i3 0.000000 12.000000 24 1 3 98
i3 0.000000 12.000000 24 1 3 98
i3 0.000000 12.000000 24 1 3 98
i3 0.000000 12.000000 25 1 3 98
i3 0.000000 12.000000 24 1 3 98
i3 0.000000 12.000000 20 1 3 98
i3 0.000000 12.000000 17 1 3 98
i3 0.000000 12.000000 15 1 3 98
i3 0.000000 12.000000 15 1 3 98
i4 0.000000 12.000000 15 1 4 98
i4 0.000000 12.000000 16 1 4 98
i4 0.000000 12.000000 17 1 4 98
i4 0.000000 12.000000 18 1 4 98
i4 0.000000 12.000000 17 1 4 98
i4 0.000000 12.000000 17 1 4 98
i4 0.000000 12.000000 18 1 4 98
i4 0.000000 12.000000 19 1 4 98
i4 0.000000 12.000000 18 1 4 98
i4 0.000000 12.000000 18 1 4 98
i4 0.000000 12.000000 18 1 4 98
i4 0.000000 12.000000 17 1 4 98
i4 0.000000 12.000000 16 1 4 98
i4 0.000000 12.000000 17 1 4 98
i4 0.000000 12.000000 17 1 4 98
i4 0.000000 12.000000 18 1 4 98
i4 0.000000 12.000000 17 1 4 98
i2 0.000000 12.000000 18 1 2 100
i2 0.000000 12.000000 20 1 2 100
i2 0.000000 12.000000 19 1 2 100
i2 0.000000 12.000000 19 1 2 100
i2 0.000000 12.000000 19 1 2 100
i2 0.000000 12.000000 18 1 2 100
i2 0.000000 12.000000 17 1 2 100
i2 0.000000 12.000000 17 1 2 100
i2 0.000000 12.000000 18 1 2 100
i2 0.000000 12.000000 18 1 2 100
i2 0.000000 12.000000 19 1 2 100
i2 0.000000 12.000000 20 1 2 100
i2 0.000000 12.000000 20 1 2 100
i2 0.000000 12.000000 21 1 2 100
i2 0.000000 12.000000 23 1 2 100
i3 0.000000 12.000000 24 1 3 100
i3 0.000000 12.000000 22 1 3 100
i3 0.000000 12.000000 20 1 3 100
i3 0.000000 12.000000 16 1 3 100
i3 0.000000 12.000000 14 1 3 100
i3 0.000000 12.000000 16 1 3 100
i3 0.000000 12.000000 21 1 3 100
i3 0.000000 12.000000 25 1 3 100
i3 0.000000 12.000000 25 1 3 100
i3 0.000000 12.000000 24 1 3 100
i3 0.000000 12.000000 24 1 3 100
i3 0.000000 12.000000 24 1 3 100
i3 0.000000 12.000000 25 1 3 100
i3 0.000000 12.000000 23 1 3 100
i3 0.000000 12.000000 20 1 3 100
i3 0.000000 12.000000 17 1 3 100
i3 0.000000 12.000000 15 1 3 100
i3 0.000000 12.000000 15 1 3 100
i4 0.000000 12.000000 16 1 4 100
i4 0.000000 12.000000 17 1 4 100
i4 0.000000 12.000000 18 1 4 100
i4 0.000000 12.000000 18 1 4 100
i4 0.000000 12.000000 18 1 4 100
i4 0.000000 12.000000 17 1 4 100
i4 0.000000 12.000000 18 1 4 100
i4 0.000000 12.000000 19 1 4 100
i4 0.000000 12.000000 18 1 4 100
i4 0.000000 12.000000 18 1 4 100
i4 0.000000 12.000000 17 1 4 100
i4 0.000000 12.000000 16 1 4 100
i4 0.000000 12.000000 16 1 4 100
i4 0.000000 12.000000 17 1 4 100
i4 0.000000 12.000000 16 1 4 100
i2 0.000000 12.000000 18 1 2 102
i2 0.000000 12.000000 20 1 2 102
i2 0.000000 12.000000 20 1 2 102
i2 0.000000 12.000000 19 1 2 102
i2 0.000000 12.000000 18 1 2 102
i2 0.000000 12.000000 17 1 2 102
i2 0.000000 12.000000 16 1 2 102
i2 0.000000 12.000000 17 1 2 102
i2 0.000000 12.000000 18 1 2 102
i2 0.000000 12.000000 19 1 2 102
i2 0.000000 12.000000 20 1 2 102
i2 0.000000 12.000000 21 1 2 102
i2 0.000000 12.000000 21 1 2 102
i2 0.000000 12.000000 22 1 2 102
i2 0.000000 12.000000 23 1 2 102
i3 0.000000 12.000000 24 1 3 102
i3 0.000000 12.000000 22 1 3 102
i3 0.000000 12.000000 20 1 3 102
i3 0.000000 12.000000 17 1 3 102
i3 0.000000 12.000000 15 1 3 102
i3 0.000000 12.000000 18 1 3 102
i3 0.000000 12.000000 23 1 3 102
i3 0.000000 12.000000 26 1 3 102
i3 0.000000 12.000000 25 1 3 102
i3 0.000000 12.000000 23 1 3 102
i3 0.000000 12.000000 23 1 3 102
i3 0.000000 12.000000 23 1 3 102
i3 0.000000 12.000000 23 1 3 102
i3 0.000000 12.000000 21 1 3 102
i3 0.000000 12.000000 19 1 3 102
i3 0.000000 12.000000 17 1 3 102
i3 0.000000 12.000000 16 1 3 102
i4 0.000000 12.000000 16 1 4 102
i4 0.000000 12.000000 16 1 4 102
i4 0.000000 12.000000 17 1 4 102
i4 0.000000 12.000000 18 1 4 102
i4 0.000000 12.000000 18 1 4 102
i4 0.000000 12.000000 18 1 4 102
i4 0.000000 12.000000 17 1 4 102
i4 0.000000 12.000000 18 1 4 102
i4 0.000000 12.000000 18 1 4 102
i4 0.000000 12.000000 18 1 4 102
i4 0.000000 12.000000 18 1 4 102
i4 0.000000 12.000000 18 1 4 102
i4 0.000000 12.000000 16 1 4 102
i2 0.000000 12.000000 18 1 2 104
i2 0.000000 12.000000 19 1 2 104
i2 0.000000 12.000000 19 1 2 104
i2 0.000000 12.000000 19 1 2 104
i2 0.000000 12.000000 18 1 2 104
i2 0.000000 12.000000 17 1 2 104
i2 0.000000 12.000000 17 1 2 104
i2 0.000000 12.000000 17 1 2 104
i2 0.000000 12.000000 18 1 2 104
i2 0.000000 12.000000 19 1 2 104
i2 0.000000 12.000000 20 1 2 104
i2 0.000000 12.000000 21 1 2 104
i2 0.000000 12.000000 21 1 2 104
i2 0.000000 12.000000 22 1 2 104
i2 0.000000 12.000000 24 1 2 104
i3 0.000000 12.000000 24 1 3 104
i3 0.000000 12.000000 23 1 3 104
i3 0.000000 12.000000 21 1 3 104
i3 0.000000 12.000000 18 1 3 104
i3 0.000000 12.000000 16 1 3 104
i3 0.000000 12.000000 20 1 3 104
i3 0.000000 12.000000 25 1 3 104
i3 0.000000 12.000000 27 1 3 104
i3 0.000000 12.000000 24 1 3 104
i3 0.000000 12.000000 22 1 3 104
i3 0.000000 12.000000 22 1 3 104
i3 0.000000 12.000000 22 1 3 104
i3 0.000000 12.000000 21 1 3 104
i3 0.000000 12.000000 19 1 3 104
i3 0.000000 12.000000 18 1 3 104
i3 0.000000 12.000000 17 1 3 104
i3 0.000000 12.000000 17 1 3 104
i4 0.000000 12.000000 17 1 4 104
i4 0.000000 12.000000 17 1 4 104
i4 0.000000 12.000000 17 1 4 104
i4 0.000000 12.000000 17 1 4 104
i4 0.000000 12.000000 17 1 4 104
i4 0.000000 12.000000 17 1 4 104
i4 0.000000 12.000000 17 1 4 104
i4 0.000000 12.000000 17 1 4 104
i4 0.000000 12.000000 18 1 4 104
i4 0.000000 12.000000 18 1 4 104
i4 0.000000 12.000000 18 1 4 104
i4 0.000000 12.000000 18 1 4 104
i4 0.000000 12.000000 17 1 4 104
i2 0.000000 12.000000 17 1 2 106
i2 0.000000 12.000000 17 1 2 106
i2 0.000000 12.000000 18 1 2 106
i2 0.000000 12.000000 18 1 2 106
i2 0.000000 12.000000 18 1 2 106
i2 0.000000 12.000000 18 1 2 106
i2 0.000000 12.000000 18 1 2 106
i2 0.000000 12.000000 18 1 2 106
i2 0.000000 12.000000 19 1 2 106
i2 0.000000 12.000000 20 1 2 106
i2 0.000000 12.000000 20 1 2 106
i2 0.000000 12.000000 21 1 2 106
i2 0.000000 12.000000 22 1 2 106
i3 0.000000 12.000000 24 1 3 106
i3 0.000000 12.000000 25 1 3 106
i3 0.000000 12.000000 24 1 3 106
i3 0.000000 12.000000 22 1 3 106
i3 0.000000 12.000000 19 1 3 106
i3 0.000000 12.000000 18 1 3 106
i3 0.000000 12.000000 22 1 3 106
i3 0.000000 12.000000 27 1 3 106
i3 0.000000 12.000000 28 1 3 106
i3 0.000000 12.000000 23 1 3 106
i3 0.000000 12.000000 21 1 3 106
i3 0.000000 12.000000 22 1 3 106
i3 0.000000 12.000000 22 1 3 106
i3 0.000000 12.000000 20 1 3 106
i3 0.000000 12.000000 18 1 3 106
i3 0.000000 12.000000 17 1 3 106
i3 0.000000 12.000000 17 1 3 106
i3 0.000000 12.000000 17 1 3 106
i4 0.000000 12.000000 17 1 4 106
i4 0.000000 12.000000 17 1 4 106
i4 0.000000 12.000000 17 1 4 106
i4 0.000000 12.000000 16 1 4 106
i4 0.000000 12.000000 17 1 4 106
i4 0.000000 12.000000 17 1 4 106
i4 0.000000 12.000000 17 1 4 106
i4 0.000000 12.000000 17 1 4 106
i4 0.000000 12.000000 17 1 4 106
i4 0.000000 12.000000 18 1 4 106
i4 0.000000 12.000000 18 1 4 106
i4 0.000000 12.000000 16 1 4 106
i2 0.000000 12.000000 16 1 2 108
i2 0.000000 12.000000 17 1 2 108
i2 0.000000 12.000000 18 1 2 108
i2 0.000000 12.000000 18 1 2 108
i2 0.000000 12.000000 19 1 2 108
i2 0.000000 12.000000 19 1 2 108
i2 0.000000 12.000000 20 1 2 108
i2 0.000000 12.000000 20 1 2 108
i2 0.000000 12.000000 20 1 2 108
i2 0.000000 12.000000 20 1 2 108
i2 0.000000 12.000000 22 1 2 108
i3 0.000000 12.000000 24 1 3 108
i3 0.000000 12.000000 25 1 3 108
i3 0.000000 12.000000 24 1 3 108
i3 0.000000 12.000000 22 1 3 108
i3 0.000000 12.000000 20 1 3 108
i3 0.000000 12.000000 20 1 3 108
i3 0.000000 12.000000 24 1 3 108
i3 0.000000 12.000000 28 1 3 108
i3 0.000000 12.000000 27 1 3 108
i3 0.000000 12.000000 23 1 3 108
i3 0.000000 12.000000 20 1 3 108
i3 0.000000 12.000000 22 1 3 108
i3 0.000000 12.000000 21 1 3 108
i3 0.000000 12.000000 19 1 3 108
i3 0.000000 12.000000 17 1 3 108
i3 0.000000 12.000000 17 1 3 108
i3 0.000000 12.000000 17 1 3 108
i4 0.000000 12.000000 17 1 4 108
i4 0.000000 12.000000 17 1 4 108
i4 0.000000 12.000000 17 1 4 108
i4 0.000000 12.000000 16 1 4 108
i4 0.000000 12.000000 16 1 4 108
i4 0.000000 12.000000 16 1 4 108
i4 0.000000 12.000000 17 1 4 108
i4 0.000000 12.000000 17 1 4 108
i2 0.000000 12.000000 17 1 2 110
i2 0.000000 12.000000 18 1 2 110
i2 0.000000 12.000000 18 1 2 110
i2 0.000000 12.000000 19 1 2 110
i2 0.000000 12.000000 20 1 2 110
i2 0.000000 12.000000 20 1 2 110
i2 0.000000 12.000000 20 1 2 110
i2 0.000000 12.000000 20 1 2 110
i2 0.000000 12.000000 21 1 2 110
i2 0.000000 12.000000 23 1 2 110
i3 0.000000 12.000000 24 1 3 110
i3 0.000000 12.000000 25 1 3 110
i3 0.000000 12.000000 24 1 3 110
i3 0.000000 12.000000 23 1 3 110
i3 0.000000 12.000000 21 1 3 110
i3 0.000000 12.000000 22 1 3 110
i3 0.000000 12.000000 25 1 3 110
i3 0.000000 12.000000 28 1 3 110
i3 0.000000 12.000000 26 1 3 110
i3 0.000000 12.000000 21 1 3 110
i3 0.000000 12.000000 20 1 3 110
i3 0.000000 12.000000 21 1 3 110
i3 0.000000 12.000000 21 1 3 110
i3 0.000000 12.000000 19 1 3 110
i3 0.000000 12.000000 18 1 3 110
i3 0.000000 12.000000 18 1 3 110
i3 0.000000 12.000000 18 1 3 110
i4 0.000000 12.000000 17 1 4 110
i4 0.000000 12.000000 17 1 4 110
i4 0.000000 12.000000 17 1 4 110
i4 0.000000 12.000000 16 1 4 110
i2 0.000000 12.000000 16 1 2 112
i2 0.000000 12.000000 17 1 2 112
i2 0.000000 12.000000 17 1 2 112
i2 0.000000 12.000000 18 1 2 112
i2 0.000000 12.000000 18 1 2 112
i2 0.000000 12.000000 19 1 2 112
i2 0.000000 12.000000 19 1 2 112
i2 0.000000 12.000000 19 1 2 112
i2 0.000000 12.000000 21 1 2 112
i3 0.000000 12.000000 23 1 3 112
i3 0.000000 12.000000 24 1 3 112
i3 0.000000 12.000000 24 1 3 112
i3 0.000000 12.000000 24 1 3 112
i3 0.000000 12.000000 23 1 3 112
i3 0.000000 12.000000 22 1 3 112
i3 0.000000 12.000000 24 1 3 112
i3 0.000000 12.000000 26 1 3 112
i3 0.000000 12.000000 27 1 3 112
i3 0.000000 12.000000 24 1 3 112
i3 0.000000 12.000000 20 1 3 112
i3 0.000000 12.000000 20 1 3 112
i3 0.000000 12.000000 21 1 3 112
i3 0.000000 12.000000 21 1 3 112
i3 0.000000 12.000000 20 1 3 112
i3 0.000000 12.000000 19 1 3 112
i3 0.000000 12.000000 18 1 3 112
i3 0.000000 12.000000 18 1 3 112
i4 0.000000 12.000000 18 1 4 112
i4 0.000000 12.000000 17 1 4 112
i4 0.000000 12.000000 17 1 4 112
i4 0.000000 12.000000 15 1 4 112
i2 0.000000 12.000000 17 1 2 114
i2 0.000000 12.000000 19 1 2 114
i2 0.000000 12.000000 21 1 2 114
i3 0.000000 12.000000 23 1 3 114
i3 0.000000 12.000000 24 1 3 114
i3 0.000000 12.000000 24 1 3 114
i3 0.000000 12.000000 23 1 3 114
i3 0.000000 12.000000 24 1 3 114
i3 0.000000 12.000000 24 1 3 114
i3 0.000000 12.000000 26 1 3 114
i3 0.000000 12.000000 26 1 3 114
i3 0.000000 12.000000 25 1 3 114
i3 0.000000 12.000000 21 1 3 114
i3 0.000000 12.000000 20 1 3 114
i3 0.000000 12.000000 20 1 3 114
i3 0.000000 12.000000 22 1 3 114
i3 0.000000 12.000000 22 1 3 114
i3 0.000000 12.000000 21 1 3 114
i3 0.000000 12.000000 19 1 3 114
i3 0.000000 12.000000 17 1 3 114
i3 0.000000 12.000000 17 1 3 114
i4 0.000000 12.000000 17 1 4 114
i4 0.000000 12.000000 17 1 4 114
i4 0.000000 12.000000 17 1 4 114
i4 0.000000 12.000000 15 1 4 114
i2 0.000000 12.000000 19 1 2 116
i2 0.000000 12.000000 21 1 2 116
i3 0.000000 12.000000 23 1 3 116
i3 0.000000 12.000000 24 1 3 116
i3 0.000000 12.000000 24 1 3 116
i3 0.000000 12.000000 24 1 3 116
i3 0.000000 12.000000 25 1 3 116
i3 0.000000 12.000000 27 1 3 116
i3 0.000000 12.000000 27 1 3 116
i3 0.000000 12.000000 26 1 3 116
i3 0.000000 12.000000 23 1 3 116
i3 0.000000 12.000000 20 1 3 116
i3 0.000000 12.000000 20 1 3 116
i3 0.000000 12.000000 21 1 3 116
i3 0.000000 12.000000 22 1 3 116
i3 0.000000 12.000000 22 1 3 116
i3 0.000000 12.000000 19 1 3 116
i3 0.000000 12.000000 17 1 3 116
i4 0.000000 12.000000 16 1 4 116
i4 0.000000 12.000000 17 1 4 116
i4 0.000000 12.000000 16 1 4 116
i4 0.000000 12.000000 16 1 4 116
i2 0.000000 12.000000 20 1 2 118
i3 0.000000 12.000000 23 1 3 118
i3 0.000000 12.000000 23 1 3 118
i3 0.000000 12.000000 24 1 3 118
i3 0.000000 12.000000 25 1 3 118
i3 0.000000 12.000000 26 1 3 118
i3 0.000000 12.000000 27 1 3 118
i3 0.000000 12.000000 28 1 3 118
i3 0.000000 12.000000 28 1 3 118
i3 0.000000 12.000000 26 1 3 118
i3 0.000000 12.000000 22 1 3 118
i3 0.000000 12.000000 20 1 3 118
i3 0.000000 12.000000 20 1 3 118
i3 0.000000 12.000000 22 1 3 118
i3 0.000000 12.000000 23 1 3 118
i3 0.000000 12.000000 21 1 3 118
i3 0.000000 12.000000 18 1 3 118
i4 0.000000 12.000000 16 1 4 118
i4 0.000000 12.000000 17 1 4 118
i4 0.000000 12.000000 17 1 4 118
i2 0.000000 12.000000 21 1 2 120
i3 0.000000 12.000000 24 1 3 120
i3 0.000000 12.000000 25 1 3 120
i3 0.000000 12.000000 25 1 3 120
i3 0.000000 12.000000 26 1 3 120
i3 0.000000 12.000000 27 1 3 120
i3 0.000000 12.000000 28 1 3 120
i3 0.000000 12.000000 29 1 3 120
i3 0.000000 12.000000 28 1 3 120
i3 0.000000 12.000000 24 1 3 120
i3 0.000000 12.000000 20 1 3 120
i3 0.000000 12.000000 20 1 3 120
i3 0.000000 12.000000 22 1 3 120
i3 0.000000 12.000000 24 1 3 120
i3 0.000000 12.000000 24 1 3 120
i3 0.000000 12.000000 21 1 3 120
i3 0.000000 12.000000 17 1 3 120
i4 0.000000 12.000000 16 1 4 120
i3 0.000000 12.000000 20 1 3 122
i3 0.000000 12.000000 24 1 3 122
i3 0.000000 12.000000 25 1 3 122
i3 0.000000 12.000000 25 1 3 122
i3 0.000000 12.000000 26 1 3 122
i3 0.000000 12.000000 27 1 3 122
i3 0.000000 12.000000 28 1 3 122
i3 0.000000 12.000000 27 1 3 122
i3 0.000000 12.000000 25 1 3 122
i3 0.000000 12.000000 21 1 3 122
i3 0.000000 12.000000 19 1 3 122
i3 0.000000 12.000000 20 1 3 122
i3 0.000000 12.000000 23 1 3 122
i3 0.000000 12.000000 25 1 3 122
i3 0.000000 12.000000 24 1 3 122
i3 0.000000 12.000000 20 1 3 122
i3 0.000000 12.000000 16 1 3 122
i3 0.000000 12.000000 16 1 3 124
i3 0.000000 12.000000 19 1 3 124
i3 0.000000 12.000000 21 1 3 124
i3 0.000000 12.000000 22 1 3 124
i3 0.000000 12.000000 22 1 3 124
i3 0.000000 12.000000 24 1 3 124
i3 0.000000 12.000000 25 1 3 124
i3 0.000000 12.000000 24 1 3 124
i3 0.000000 12.000000 21 1 3 124
i3 0.000000 12.000000 18 1 3 124
i3 0.000000 12.000000 17 1 3 124
i3 0.000000 12.000000 19 1 3 124
i3 0.000000 12.000000 22 1 3 124
i3 0.000000 12.000000 24 1 3 124
i3 0.000000 12.000000 22 1 3 124
i3 0.000000 12.000000 18 1 3 124
i3 0.000000 12.000000 17 1 3 126
i3 0.000000 12.000000 19 1 3 126
i3 0.000000 12.000000 18 1 3 126
i3 0.000000 12.000000 16 1 3 126
i3 0.000000 12.000000 17 1 3 126
i3 0.000000 12.000000 20 1 3 126
i3 0.000000 12.000000 21 1 3 126
i3 0.000000 12.000000 19 1 3 126

</CsScore>
</CsoundSynthesizer>
