; James Keary - FROM THE HEADER FILE!
; General Midi Testing File - Write out Midi files for loading into a DAW, 
; can open output midi file (located in your username file) in Sibelius, 
; Finale, and Logic.  If opening in Finale, make sure to check the box 
; \"Channels Become Staves\" under import midi file options, so that the 
; channels will be split into different instruments. 
<CsoundSynthesizer>
<CsOptions>
-t60 -g -d -m0 -n
; -m0 suppresses f-tables displaying in terminal, --nosound no sound files 
; written, just a midi file written to your username file. 
</CsOptions>
<CsInstruments>

sr		=	44100
ksmps	=	100
nchnls	=	2
0dbfs	= 	1

#include "../CsoundFiles/Chromatic.txt"
;
#include "../CsoundFiles/MIDI.txt"
;
giVelocities ftgen 0, 0, -8, -2, 87, 88, 89, 90, 91, 92, 93, 94

$MIDI(1)
$MIDI(2)
$MIDI(3)
$MIDI(4)

</CsInstruments>
<CsScore>
; p1 - instrument, p2 - start time, p3 - duration, p4 - note index, p5 - velocity, p6 - channel number p7 - pan (btwn 0 and 127, where 64 is dead center, 0 is hard left and 127 is hard right)
i1 0.000000 12.000000 17 1 1 0
i1 0.000000 12.000000 18 1 1 0
i1 0.000000 12.000000 18 1 1 0
i1 0.000000 12.000000 17 1 1 0
i1 0.000000 12.000000 17 1 1 0
i1 0.000000 12.000000 16 1 1 0
i1 0.000000 12.000000 17 1 1 2
i1 0.000000 12.000000 17 1 1 2
i1 0.000000 12.000000 17 1 1 2
i1 0.000000 12.000000 17 1 1 2
i1 0.000000 12.000000 17 1 1 2
i1 0.000000 12.000000 18 1 1 2
i1 0.000000 12.000000 19 1 1 2
i1 0.000000 12.000000 19 1 1 2
i1 0.000000 12.000000 20 1 1 2
i1 0.000000 12.000000 20 1 1 2
i1 0.000000 12.000000 20 1 1 2
i1 0.000000 12.000000 19 1 1 2
i1 0.000000 12.000000 19 1 1 2
i1 0.000000 12.000000 19 1 1 2
i1 0.000000 12.000000 18 1 1 2
i1 0.000000 12.000000 17 1 1 2
i1 0.000000 12.000000 16 1 1 5
i1 0.000000 12.000000 18 1 1 5
i1 0.000000 12.000000 19 1 1 5
i1 0.000000 12.000000 19 1 1 5
i1 0.000000 12.000000 19 1 1 5
i1 0.000000 12.000000 20 1 1 5
i1 0.000000 12.000000 20 1 1 5
i1 0.000000 12.000000 20 1 1 5
i1 0.000000 12.000000 21 1 1 5
i1 0.000000 12.000000 21 1 1 5
i1 0.000000 12.000000 21 1 1 5
i1 0.000000 12.000000 21 1 1 5
i1 0.000000 12.000000 20 1 1 5
i1 0.000000 12.000000 20 1 1 5
i1 0.000000 12.000000 20 1 1 5
i1 0.000000 12.000000 20 1 1 5
i1 0.000000 12.000000 20 1 1 5
i1 0.000000 12.000000 20 1 1 5
i1 0.000000 12.000000 18 1 1 5
i1 0.000000 12.000000 17 1 1 5
i1 0.000000 12.000000 16 1 1 5
i1 0.000000 12.000000 16 1 1 5
i1 0.000000 12.000000 16 1 1 5
i1 0.000000 12.000000 17 1 1 5
i1 0.000000 12.000000 17 1 1 5
i1 0.000000 12.000000 17 1 1 5
i1 0.000000 12.000000 16 1 1 5
i1 0.000000 12.000000 17 1 1 7
i1 0.000000 12.000000 18 1 1 7
i1 0.000000 12.000000 19 1 1 7
i1 0.000000 12.000000 19 1 1 7
i1 0.000000 12.000000 20 1 1 7
i1 0.000000 12.000000 20 1 1 7
i1 0.000000 12.000000 20 1 1 7
i1 0.000000 12.000000 20 1 1 7
i1 0.000000 12.000000 20 1 1 7
i1 0.000000 12.000000 20 1 1 7
i1 0.000000 12.000000 21 1 1 7
i1 0.000000 12.000000 21 1 1 7
i1 0.000000 12.000000 21 1 1 7
i1 0.000000 12.000000 21 1 1 7
i1 0.000000 12.000000 20 1 1 7
i1 0.000000 12.000000 20 1 1 7
i1 0.000000 12.000000 20 1 1 7
i1 0.000000 12.000000 19 1 1 7
i1 0.000000 12.000000 19 1 1 7
i1 0.000000 12.000000 20 1 1 7
i1 0.000000 12.000000 20 1 1 7
i1 0.000000 12.000000 19 1 1 7
i1 0.000000 12.000000 18 1 1 7
i1 0.000000 12.000000 17 1 1 7
i1 0.000000 12.000000 17 1 1 7
i1 0.000000 12.000000 17 1 1 7
i1 0.000000 12.000000 17 1 1 7
i1 0.000000 12.000000 17 1 1 7
i1 0.000000 12.000000 17 1 1 7
i1 0.000000 12.000000 16 1 1 7
i1 0.000000 12.000000 18 1 1 10
i1 0.000000 12.000000 20 1 1 10
i1 0.000000 12.000000 21 1 1 10
i1 0.000000 12.000000 21 1 1 10
i1 0.000000 12.000000 21 1 1 10
i1 0.000000 12.000000 21 1 1 10
i1 0.000000 12.000000 20 1 1 10
i1 0.000000 12.000000 19 1 1 10
i1 0.000000 12.000000 19 1 1 10
i1 0.000000 12.000000 19 1 1 10
i1 0.000000 12.000000 20 1 1 10
i1 0.000000 12.000000 20 1 1 10
i1 0.000000 12.000000 20 1 1 10
i1 0.000000 12.000000 20 1 1 10
i1 0.000000 12.000000 20 1 1 10
i1 0.000000 12.000000 20 1 1 10
i1 0.000000 12.000000 19 1 1 10
i1 0.000000 12.000000 19 1 1 10
i1 0.000000 12.000000 18 1 1 10
i1 0.000000 12.000000 17 1 1 10
i1 0.000000 12.000000 18 1 1 10
i1 0.000000 12.000000 18 1 1 10
i1 0.000000 12.000000 19 1 1 10
i1 0.000000 12.000000 18 1 1 10
i1 0.000000 12.000000 18 1 1 10
i1 0.000000 12.000000 18 1 1 10
i1 0.000000 12.000000 18 1 1 10
i1 0.000000 12.000000 18 1 1 10
i1 0.000000 12.000000 17 1 1 10
i1 0.000000 12.000000 16 1 1 10
i1 0.000000 12.000000 16 1 1 10
i1 0.000000 12.000000 17 1 1 13
i1 0.000000 12.000000 18 1 1 13
i1 0.000000 12.000000 19 1 1 13
i1 0.000000 12.000000 21 1 1 13
i1 0.000000 12.000000 22 1 1 13
i1 0.000000 12.000000 21 1 1 13
i1 0.000000 12.000000 21 1 1 13
i1 0.000000 12.000000 20 1 1 13
i1 0.000000 12.000000 19 1 1 13
i1 0.000000 12.000000 17 1 1 13
i1 0.000000 12.000000 17 1 1 13
i1 0.000000 12.000000 17 1 1 13
i1 0.000000 12.000000 18 1 1 13
i1 0.000000 12.000000 19 1 1 13
i1 0.000000 12.000000 19 1 1 13
i1 0.000000 12.000000 19 1 1 13
i1 0.000000 12.000000 19 1 1 13
i1 0.000000 12.000000 19 1 1 13
i1 0.000000 12.000000 18 1 1 13
i1 0.000000 12.000000 18 1 1 13
i1 0.000000 12.000000 17 1 1 13
i1 0.000000 12.000000 16 1 1 13
i1 0.000000 12.000000 16 1 1 13
i1 0.000000 12.000000 17 1 1 13
i1 0.000000 12.000000 18 1 1 13
i1 0.000000 12.000000 18 1 1 13
i1 0.000000 12.000000 18 1 1 13
i1 0.000000 12.000000 18 1 1 13
i1 0.000000 12.000000 18 1 1 13
i1 0.000000 12.000000 18 1 1 13
i1 0.000000 12.000000 17 1 1 13
i1 0.000000 12.000000 17 1 1 13
i1 0.000000 12.000000 16 1 1 13
i1 0.000000 12.000000 17 1 1 15
i1 0.000000 12.000000 19 1 1 15
i1 0.000000 12.000000 19 1 1 15
i1 0.000000 12.000000 20 1 1 15
i1 0.000000 12.000000 20 1 1 15
i1 0.000000 12.000000 21 1 1 15
i1 0.000000 12.000000 20 1 1 15
i1 0.000000 12.000000 19 1 1 15
i1 0.000000 12.000000 18 1 1 15
i1 0.000000 12.000000 17 1 1 15
i1 0.000000 12.000000 16 1 1 15
i1 0.000000 12.000000 16 1 1 15
i1 0.000000 12.000000 17 1 1 15
i1 0.000000 12.000000 18 1 1 15
i1 0.000000 12.000000 18 1 1 15
i1 0.000000 12.000000 18 1 1 15
i1 0.000000 12.000000 18 1 1 15
i1 0.000000 12.000000 18 1 1 15
i1 0.000000 12.000000 18 1 1 15
i1 0.000000 12.000000 18 1 1 15
i1 0.000000 12.000000 18 1 1 15
i1 0.000000 12.000000 17 1 1 15
i1 0.000000 12.000000 16 1 1 15
i1 0.000000 12.000000 16 1 1 15
i1 0.000000 12.000000 16 1 1 15
i1 0.000000 12.000000 17 1 1 15
i1 0.000000 12.000000 17 1 1 15
i1 0.000000 12.000000 18 1 1 15
i1 0.000000 12.000000 18 1 1 15
i1 0.000000 12.000000 17 1 1 15
i1 0.000000 12.000000 17 1 1 15
i1 0.000000 12.000000 17 1 1 15
i1 0.000000 12.000000 17 1 1 15
i1 0.000000 12.000000 17 1 1 15
i1 0.000000 12.000000 16 1 1 15
i1 0.000000 12.000000 18 1 1 18
i1 0.000000 12.000000 19 1 1 18
i1 0.000000 12.000000 19 1 1 18
i1 0.000000 12.000000 19 1 1 18
i1 0.000000 12.000000 19 1 1 18
i1 0.000000 12.000000 19 1 1 18
i1 0.000000 12.000000 19 1 1 18
i1 0.000000 12.000000 17 1 1 18
i1 0.000000 12.000000 17 1 1 18
i1 0.000000 12.000000 16 1 1 18
i1 0.000000 12.000000 16 1 1 18
i1 0.000000 12.000000 16 1 1 18
i1 0.000000 12.000000 17 1 1 18
i1 0.000000 12.000000 18 1 1 18
i1 0.000000 12.000000 18 1 1 18
i1 0.000000 12.000000 18 1 1 18
i1 0.000000 12.000000 18 1 1 18
i1 0.000000 12.000000 18 1 1 18
i1 0.000000 12.000000 18 1 1 18
i1 0.000000 12.000000 18 1 1 18
i1 0.000000 12.000000 17 1 1 18
i1 0.000000 12.000000 17 1 1 18
i1 0.000000 12.000000 16 1 1 18
i1 0.000000 12.000000 16 1 1 18
i1 0.000000 12.000000 16 1 1 18
i1 0.000000 12.000000 16 1 1 18
i1 0.000000 12.000000 17 1 1 18
i1 0.000000 12.000000 17 1 1 18
i1 0.000000 12.000000 16 1 1 18
i1 0.000000 12.000000 16 1 1 18
i1 0.000000 12.000000 16 1 1 18
i1 0.000000 12.000000 16 1 1 18
i1 0.000000 12.000000 17 1 1 18
i1 0.000000 12.000000 17 1 1 18
i1 0.000000 12.000000 17 1 1 18
i1 0.000000 12.000000 18 1 1 20
i1 0.000000 12.000000 19 1 1 20
i1 0.000000 12.000000 19 1 1 20
i1 0.000000 12.000000 18 1 1 20
i1 0.000000 12.000000 18 1 1 20
i1 0.000000 12.000000 18 1 1 20
i1 0.000000 12.000000 18 1 1 20
i1 0.000000 12.000000 18 1 1 20
i1 0.000000 12.000000 18 1 1 20
i1 0.000000 12.000000 17 1 1 20
i1 0.000000 12.000000 17 1 1 20
i1 0.000000 12.000000 17 1 1 20
i1 0.000000 12.000000 18 1 1 20
i1 0.000000 12.000000 18 1 1 20
i1 0.000000 12.000000 18 1 1 20
i1 0.000000 12.000000 18 1 1 20
i1 0.000000 12.000000 18 1 1 20
i1 0.000000 12.000000 18 1 1 20
i1 0.000000 12.000000 18 1 1 20
i1 0.000000 12.000000 17 1 1 20
i1 0.000000 12.000000 17 1 1 20
i1 0.000000 12.000000 17 1 1 20
i1 0.000000 12.000000 16 1 1 20
i1 0.000000 12.000000 16 1 1 20
i1 0.000000 12.000000 16 1 1 20
i1 0.000000 12.000000 16 1 1 20
i1 0.000000 12.000000 16 1 1 20
i1 0.000000 12.000000 17 1 1 20
i1 0.000000 12.000000 16 1 1 20
i1 0.000000 12.000000 16 1 1 20
i1 0.000000 12.000000 16 1 1 20
i1 0.000000 12.000000 15 1 1 20
i1 0.000000 12.000000 16 1 1 20
i1 0.000000 12.000000 17 1 1 20
i1 0.000000 12.000000 17 1 1 20
i1 0.000000 12.000000 17 1 1 20
i2 0.000000 12.000000 16 1 2 20
i2 0.000000 12.000000 16 1 2 20
i2 0.000000 12.000000 17 1 2 20
i2 0.000000 12.000000 17 1 2 20
i2 0.000000 12.000000 17 1 2 20
i1 0.000000 12.000000 17 1 1 23
i1 0.000000 12.000000 19 1 1 23
i1 0.000000 12.000000 19 1 1 23
i1 0.000000 12.000000 18 1 1 23
i1 0.000000 12.000000 17 1 1 23
i1 0.000000 12.000000 17 1 1 23
i1 0.000000 12.000000 17 1 1 23
i1 0.000000 12.000000 17 1 1 23
i1 0.000000 12.000000 18 1 1 23
i1 0.000000 12.000000 18 1 1 23
i1 0.000000 12.000000 17 1 1 23
i1 0.000000 12.000000 17 1 1 23
i1 0.000000 12.000000 17 1 1 23
i1 0.000000 12.000000 18 1 1 23
i1 0.000000 12.000000 18 1 1 23
i1 0.000000 12.000000 17 1 1 23
i1 0.000000 12.000000 16 1 1 23
i1 0.000000 12.000000 16 1 1 23
i1 0.000000 12.000000 16 1 1 23
i1 0.000000 12.000000 16 1 1 23
i1 0.000000 12.000000 16 1 1 23
i1 0.000000 12.000000 16 1 1 23
i1 0.000000 12.000000 16 1 1 23
i1 0.000000 12.000000 16 1 1 23
i1 0.000000 12.000000 16 1 1 23
i1 0.000000 12.000000 16 1 1 23
i1 0.000000 12.000000 16 1 1 23
i1 0.000000 12.000000 17 1 1 23
i1 0.000000 12.000000 17 1 1 23
i1 0.000000 12.000000 17 1 1 23
i1 0.000000 12.000000 16 1 1 23
i1 0.000000 12.000000 16 1 1 23
i1 0.000000 12.000000 16 1 1 23
i1 0.000000 12.000000 16 1 1 23
i1 0.000000 12.000000 17 1 1 23
i1 0.000000 12.000000 17 1 1 23
i1 0.000000 12.000000 17 1 1 23
i2 0.000000 12.000000 17 1 2 23
i2 0.000000 12.000000 16 1 2 23
i2 0.000000 12.000000 16 1 2 23
i2 0.000000 12.000000 16 1 2 23
i2 0.000000 12.000000 16 1 2 23
i2 0.000000 12.000000 17 1 2 23
i2 0.000000 12.000000 18 1 2 23
i2 0.000000 12.000000 18 1 2 23
i2 0.000000 12.000000 18 1 2 23
i1 0.000000 12.000000 17 1 1 26
i1 0.000000 12.000000 18 1 1 26
i1 0.000000 12.000000 18 1 1 26
i1 0.000000 12.000000 17 1 1 26
i1 0.000000 12.000000 16 1 1 26
i1 0.000000 12.000000 16 1 1 26
i1 0.000000 12.000000 15 1 1 26
i1 0.000000 12.000000 16 1 1 26
i1 0.000000 12.000000 17 1 1 26
i1 0.000000 12.000000 17 1 1 26
i1 0.000000 12.000000 17 1 1 26
i1 0.000000 12.000000 16 1 1 26
i1 0.000000 12.000000 17 1 1 26
i1 0.000000 12.000000 17 1 1 26
i1 0.000000 12.000000 17 1 1 26
i1 0.000000 12.000000 16 1 1 26
i1 0.000000 12.000000 15 1 1 26
i1 0.000000 12.000000 14 1 1 26
i1 0.000000 12.000000 14 1 1 26
i1 0.000000 12.000000 15 1 1 26
i1 0.000000 12.000000 15 1 1 26
i1 0.000000 12.000000 15 1 1 26
i1 0.000000 12.000000 15 1 1 26
i1 0.000000 12.000000 16 1 1 26
i1 0.000000 12.000000 16 1 1 26
i1 0.000000 12.000000 16 1 1 26
i1 0.000000 12.000000 16 1 1 26
i1 0.000000 12.000000 16 1 1 26
i1 0.000000 12.000000 17 1 1 26
i1 0.000000 12.000000 17 1 1 26
i1 0.000000 12.000000 16 1 1 26
i1 0.000000 12.000000 16 1 1 26
i1 0.000000 12.000000 16 1 1 26
i1 0.000000 12.000000 17 1 1 26
i1 0.000000 12.000000 17 1 1 26
i1 0.000000 12.000000 18 1 1 26
i1 0.000000 12.000000 18 1 1 26
i2 0.000000 12.000000 17 1 2 26
i2 0.000000 12.000000 17 1 2 26
i2 0.000000 12.000000 16 1 2 26
i2 0.000000 12.000000 17 1 2 26
i2 0.000000 12.000000 16 1 2 26
i2 0.000000 12.000000 16 1 2 26
i2 0.000000 12.000000 16 1 2 26
i2 0.000000 12.000000 18 1 2 26
i2 0.000000 12.000000 19 1 2 26
i2 0.000000 12.000000 20 1 2 26
i2 0.000000 12.000000 19 1 2 26
i1 0.000000 12.000000 16 1 1 28
i1 0.000000 12.000000 17 1 1 28
i1 0.000000 12.000000 18 1 1 28
i1 0.000000 12.000000 18 1 1 28
i1 0.000000 12.000000 17 1 1 28
i1 0.000000 12.000000 15 1 1 28
i1 0.000000 12.000000 15 1 1 28
i1 0.000000 12.000000 15 1 1 28
i1 0.000000 12.000000 15 1 1 28
i1 0.000000 12.000000 16 1 1 28
i1 0.000000 12.000000 16 1 1 28
i1 0.000000 12.000000 16 1 1 28
i1 0.000000 12.000000 16 1 1 28
i1 0.000000 12.000000 16 1 1 28
i1 0.000000 12.000000 17 1 1 28
i1 0.000000 12.000000 16 1 1 28
i1 0.000000 12.000000 15 1 1 28
i1 0.000000 12.000000 14 1 1 28
i1 0.000000 12.000000 14 1 1 28
i1 0.000000 12.000000 13 1 1 28
i1 0.000000 12.000000 14 1 1 28
i1 0.000000 12.000000 14 1 1 28
i1 0.000000 12.000000 14 1 1 28
i1 0.000000 12.000000 15 1 1 28
i1 0.000000 12.000000 15 1 1 28
i1 0.000000 12.000000 16 1 1 28
i1 0.000000 12.000000 16 1 1 28
i1 0.000000 12.000000 16 1 1 28
i1 0.000000 12.000000 16 1 1 28
i1 0.000000 12.000000 16 1 1 28
i1 0.000000 12.000000 16 1 1 28
i1 0.000000 12.000000 16 1 1 28
i1 0.000000 12.000000 16 1 1 28
i1 0.000000 12.000000 16 1 1 28
i1 0.000000 12.000000 17 1 1 28
i1 0.000000 12.000000 17 1 1 28
i1 0.000000 12.000000 17 1 1 28
i1 0.000000 12.000000 18 1 1 28
i2 0.000000 12.000000 17 1 2 28
i2 0.000000 12.000000 17 1 2 28
i2 0.000000 12.000000 16 1 2 28
i2 0.000000 12.000000 16 1 2 28
i2 0.000000 12.000000 15 1 2 28
i2 0.000000 12.000000 15 1 2 28
i2 0.000000 12.000000 15 1 2 28
i2 0.000000 12.000000 17 1 2 28
i2 0.000000 12.000000 19 1 2 28
i2 0.000000 12.000000 20 1 2 28
i2 0.000000 12.000000 20 1 2 28
i2 0.000000 12.000000 18 1 2 28
i1 0.000000 12.000000 17 1 1 31
i1 0.000000 12.000000 18 1 1 31
i1 0.000000 12.000000 18 1 1 31
i1 0.000000 12.000000 18 1 1 31
i1 0.000000 12.000000 17 1 1 31
i1 0.000000 12.000000 15 1 1 31
i1 0.000000 12.000000 14 1 1 31
i1 0.000000 12.000000 14 1 1 31
i1 0.000000 12.000000 14 1 1 31
i1 0.000000 12.000000 15 1 1 31
i1 0.000000 12.000000 15 1 1 31
i1 0.000000 12.000000 16 1 1 31
i1 0.000000 12.000000 16 1 1 31
i1 0.000000 12.000000 16 1 1 31
i1 0.000000 12.000000 17 1 1 31
i1 0.000000 12.000000 16 1 1 31
i1 0.000000 12.000000 15 1 1 31
i1 0.000000 12.000000 15 1 1 31
i1 0.000000 12.000000 14 1 1 31
i1 0.000000 12.000000 14 1 1 31
i1 0.000000 12.000000 14 1 1 31
i1 0.000000 12.000000 14 1 1 31
i1 0.000000 12.000000 14 1 1 31
i1 0.000000 12.000000 15 1 1 31
i1 0.000000 12.000000 15 1 1 31
i1 0.000000 12.000000 16 1 1 31
i1 0.000000 12.000000 16 1 1 31
i1 0.000000 12.000000 16 1 1 31
i1 0.000000 12.000000 15 1 1 31
i1 0.000000 12.000000 15 1 1 31
i1 0.000000 12.000000 15 1 1 31
i1 0.000000 12.000000 15 1 1 31
i1 0.000000 12.000000 16 1 1 31
i1 0.000000 12.000000 16 1 1 31
i1 0.000000 12.000000 16 1 1 31
i1 0.000000 12.000000 16 1 1 31
i1 0.000000 12.000000 16 1 1 31
i2 0.000000 12.000000 17 1 2 31
i2 0.000000 12.000000 17 1 2 31
i2 0.000000 12.000000 16 1 2 31
i2 0.000000 12.000000 15 1 2 31
i2 0.000000 12.000000 15 1 2 31
i2 0.000000 12.000000 14 1 2 31
i2 0.000000 12.000000 13 1 2 31
i2 0.000000 12.000000 14 1 2 31
i2 0.000000 12.000000 16 1 2 31
i2 0.000000 12.000000 19 1 2 31
i2 0.000000 12.000000 20 1 2 31
i2 0.000000 12.000000 20 1 2 31
i2 0.000000 12.000000 19 1 2 31
i2 0.000000 12.000000 18 1 2 31
i1 0.000000 12.000000 16 1 1 33
i1 0.000000 12.000000 17 1 1 33
i1 0.000000 12.000000 18 1 1 33
i1 0.000000 12.000000 18 1 1 33
i1 0.000000 12.000000 18 1 1 33
i1 0.000000 12.000000 17 1 1 33
i1 0.000000 12.000000 14 1 1 33
i1 0.000000 12.000000 13 1 1 33
i1 0.000000 12.000000 13 1 1 33
i1 0.000000 12.000000 13 1 1 33
i1 0.000000 12.000000 14 1 1 33
i1 0.000000 12.000000 15 1 1 33
i1 0.000000 12.000000 16 1 1 33
i1 0.000000 12.000000 16 1 1 33
i1 0.000000 12.000000 16 1 1 33
i1 0.000000 12.000000 17 1 1 33
i1 0.000000 12.000000 17 1 1 33
i1 0.000000 12.000000 17 1 1 33
i1 0.000000 12.000000 16 1 1 33
i1 0.000000 12.000000 16 1 1 33
i1 0.000000 12.000000 15 1 1 33
i1 0.000000 12.000000 15 1 1 33
i1 0.000000 12.000000 15 1 1 33
i1 0.000000 12.000000 15 1 1 33
i1 0.000000 12.000000 16 1 1 33
i1 0.000000 12.000000 16 1 1 33
i1 0.000000 12.000000 16 1 1 33
i1 0.000000 12.000000 16 1 1 33
i1 0.000000 12.000000 16 1 1 33
i1 0.000000 12.000000 15 1 1 33
i1 0.000000 12.000000 15 1 1 33
i1 0.000000 12.000000 15 1 1 33
i1 0.000000 12.000000 15 1 1 33
i1 0.000000 12.000000 15 1 1 33
i1 0.000000 12.000000 16 1 1 33
i1 0.000000 12.000000 15 1 1 33
i1 0.000000 12.000000 15 1 1 33
i1 0.000000 12.000000 15 1 1 33
i2 0.000000 12.000000 15 1 2 33
i2 0.000000 12.000000 16 1 2 33
i2 0.000000 12.000000 16 1 2 33
i2 0.000000 12.000000 14 1 2 33
i2 0.000000 12.000000 14 1 2 33
i2 0.000000 12.000000 12 1 2 33
i2 0.000000 12.000000 12 1 2 33
i2 0.000000 12.000000 13 1 2 33
i2 0.000000 12.000000 15 1 2 33
i2 0.000000 12.000000 18 1 2 33
i2 0.000000 12.000000 19 1 2 33
i2 0.000000 12.000000 20 1 2 33
i2 0.000000 12.000000 19 1 2 33
i2 0.000000 12.000000 18 1 2 33
i2 0.000000 12.000000 17 1 2 33
i1 0.000000 12.000000 17 1 1 36
i1 0.000000 12.000000 17 1 1 36
i1 0.000000 12.000000 18 1 1 36
i1 0.000000 12.000000 18 1 1 36
i1 0.000000 12.000000 17 1 1 36
i1 0.000000 12.000000 16 1 1 36
i1 0.000000 12.000000 14 1 1 36
i1 0.000000 12.000000 12 1 1 36
i1 0.000000 12.000000 12 1 1 36
i1 0.000000 12.000000 13 1 1 36
i1 0.000000 12.000000 14 1 1 36
i1 0.000000 12.000000 15 1 1 36
i1 0.000000 12.000000 16 1 1 36
i1 0.000000 12.000000 16 1 1 36
i1 0.000000 12.000000 16 1 1 36
i1 0.000000 12.000000 17 1 1 36
i1 0.000000 12.000000 17 1 1 36
i1 0.000000 12.000000 17 1 1 36
i1 0.000000 12.000000 17 1 1 36
i1 0.000000 12.000000 17 1 1 36
i1 0.000000 12.000000 16 1 1 36
i1 0.000000 12.000000 16 1 1 36
i1 0.000000 12.000000 16 1 1 36
i1 0.000000 12.000000 16 1 1 36
i1 0.000000 12.000000 17 1 1 36
i1 0.000000 12.000000 17 1 1 36
i1 0.000000 12.000000 17 1 1 36
i1 0.000000 12.000000 17 1 1 36
i1 0.000000 12.000000 16 1 1 36
i1 0.000000 12.000000 16 1 1 36
i1 0.000000 12.000000 16 1 1 36
i1 0.000000 12.000000 16 1 1 36
i1 0.000000 12.000000 16 1 1 36
i1 0.000000 12.000000 16 1 1 36
i1 0.000000 12.000000 16 1 1 36
i1 0.000000 12.000000 15 1 1 36
i1 0.000000 12.000000 15 1 1 36
i1 0.000000 12.000000 14 1 1 36
i2 0.000000 12.000000 14 1 2 36
i2 0.000000 12.000000 14 1 2 36
i2 0.000000 12.000000 15 1 2 36
i2 0.000000 12.000000 14 1 2 36
i2 0.000000 12.000000 13 1 2 36
i2 0.000000 12.000000 11 1 2 36
i2 0.000000 12.000000 11 1 2 36
i2 0.000000 12.000000 12 1 2 36
i2 0.000000 12.000000 14 1 2 36
i2 0.000000 12.000000 16 1 2 36
i2 0.000000 12.000000 18 1 2 36
i2 0.000000 12.000000 18 1 2 36
i2 0.000000 12.000000 18 1 2 36
i2 0.000000 12.000000 18 1 2 36
i2 0.000000 12.000000 17 1 2 36
i2 0.000000 12.000000 16 1 2 36
i1 0.000000 12.000000 17 1 1 39
i1 0.000000 12.000000 17 1 1 39
i1 0.000000 12.000000 17 1 1 39
i1 0.000000 12.000000 16 1 1 39
i1 0.000000 12.000000 16 1 1 39
i1 0.000000 12.000000 15 1 1 39
i1 0.000000 12.000000 14 1 1 39
i1 0.000000 12.000000 12 1 1 39
i1 0.000000 12.000000 12 1 1 39
i1 0.000000 12.000000 13 1 1 39
i1 0.000000 12.000000 14 1 1 39
i1 0.000000 12.000000 15 1 1 39
i1 0.000000 12.000000 16 1 1 39
i1 0.000000 12.000000 16 1 1 39
i1 0.000000 12.000000 17 1 1 39
i1 0.000000 12.000000 17 1 1 39
i1 0.000000 12.000000 17 1 1 39
i1 0.000000 12.000000 17 1 1 39
i1 0.000000 12.000000 17 1 1 39
i1 0.000000 12.000000 18 1 1 39
i1 0.000000 12.000000 17 1 1 39
i1 0.000000 12.000000 17 1 1 39
i1 0.000000 12.000000 17 1 1 39
i1 0.000000 12.000000 17 1 1 39
i1 0.000000 12.000000 18 1 1 39
i1 0.000000 12.000000 18 1 1 39
i1 0.000000 12.000000 18 1 1 39
i1 0.000000 12.000000 17 1 1 39
i1 0.000000 12.000000 17 1 1 39
i1 0.000000 12.000000 16 1 1 39
i1 0.000000 12.000000 17 1 1 39
i1 0.000000 12.000000 17 1 1 39
i1 0.000000 12.000000 16 1 1 39
i1 0.000000 12.000000 17 1 1 39
i1 0.000000 12.000000 17 1 1 39
i1 0.000000 12.000000 16 1 1 39
i1 0.000000 12.000000 16 1 1 39
i2 0.000000 12.000000 15 1 2 39
i2 0.000000 12.000000 14 1 2 39
i2 0.000000 12.000000 14 1 2 39
i2 0.000000 12.000000 14 1 2 39
i2 0.000000 12.000000 13 1 2 39
i2 0.000000 12.000000 12 1 2 39
i2 0.000000 12.000000 11 1 2 39
i2 0.000000 12.000000 10 1 2 39
i2 0.000000 12.000000 11 1 2 39
i2 0.000000 12.000000 13 1 2 39
i2 0.000000 12.000000 14 1 2 39
i2 0.000000 12.000000 15 1 2 39
i2 0.000000 12.000000 16 1 2 39
i2 0.000000 12.000000 17 1 2 39
i2 0.000000 12.000000 17 1 2 39
i2 0.000000 12.000000 17 1 2 39
i2 0.000000 12.000000 17 1 2 39
i1 0.000000 12.000000 16 1 1 41
i1 0.000000 12.000000 17 1 1 41
i1 0.000000 12.000000 17 1 1 41
i1 0.000000 12.000000 17 1 1 41
i1 0.000000 12.000000 16 1 1 41
i1 0.000000 12.000000 15 1 1 41
i1 0.000000 12.000000 15 1 1 41
i1 0.000000 12.000000 14 1 1 41
i1 0.000000 12.000000 13 1 1 41
i1 0.000000 12.000000 13 1 1 41
i1 0.000000 12.000000 14 1 1 41
i1 0.000000 12.000000 15 1 1 41
i1 0.000000 12.000000 16 1 1 41
i1 0.000000 12.000000 16 1 1 41
i1 0.000000 12.000000 16 1 1 41
i1 0.000000 12.000000 17 1 1 41
i1 0.000000 12.000000 17 1 1 41
i1 0.000000 12.000000 17 1 1 41
i1 0.000000 12.000000 17 1 1 41
i1 0.000000 12.000000 17 1 1 41
i1 0.000000 12.000000 17 1 1 41
i1 0.000000 12.000000 17 1 1 41
i1 0.000000 12.000000 18 1 1 41
i1 0.000000 12.000000 18 1 1 41
i1 0.000000 12.000000 18 1 1 41
i1 0.000000 12.000000 18 1 1 41
i1 0.000000 12.000000 18 1 1 41
i1 0.000000 12.000000 18 1 1 41
i1 0.000000 12.000000 18 1 1 41
i1 0.000000 12.000000 17 1 1 41
i1 0.000000 12.000000 17 1 1 41
i1 0.000000 12.000000 17 1 1 41
i1 0.000000 12.000000 17 1 1 41
i1 0.000000 12.000000 17 1 1 41
i1 0.000000 12.000000 18 1 1 41
i1 0.000000 12.000000 18 1 1 41
i1 0.000000 12.000000 17 1 1 41
i1 0.000000 12.000000 17 1 1 41
i2 0.000000 12.000000 16 1 2 41
i2 0.000000 12.000000 15 1 2 41
i2 0.000000 12.000000 15 1 2 41
i2 0.000000 12.000000 14 1 2 41
i2 0.000000 12.000000 13 1 2 41
i2 0.000000 12.000000 12 1 2 41
i2 0.000000 12.000000 11 1 2 41
i2 0.000000 12.000000 10 1 2 41
i2 0.000000 12.000000 11 1 2 41
i2 0.000000 12.000000 12 1 2 41
i2 0.000000 12.000000 13 1 2 41
i2 0.000000 12.000000 14 1 2 41
i2 0.000000 12.000000 15 1 2 41
i2 0.000000 12.000000 16 1 2 41
i2 0.000000 12.000000 16 1 2 41
i2 0.000000 12.000000 16 1 2 41
i2 0.000000 12.000000 16 1 2 41
i1 0.000000 12.000000 17 1 1 44
i1 0.000000 12.000000 18 1 1 44
i1 0.000000 12.000000 17 1 1 44
i1 0.000000 12.000000 17 1 1 44
i1 0.000000 12.000000 15 1 1 44
i1 0.000000 12.000000 15 1 1 44
i1 0.000000 12.000000 15 1 1 44
i1 0.000000 12.000000 15 1 1 44
i1 0.000000 12.000000 15 1 1 44
i1 0.000000 12.000000 16 1 1 44
i1 0.000000 12.000000 16 1 1 44
i1 0.000000 12.000000 17 1 1 44
i1 0.000000 12.000000 17 1 1 44
i1 0.000000 12.000000 16 1 1 44
i1 0.000000 12.000000 17 1 1 44
i1 0.000000 12.000000 17 1 1 44
i1 0.000000 12.000000 16 1 1 44
i1 0.000000 12.000000 16 1 1 44
i1 0.000000 12.000000 16 1 1 44
i1 0.000000 12.000000 16 1 1 44
i1 0.000000 12.000000 17 1 1 44
i1 0.000000 12.000000 17 1 1 44
i1 0.000000 12.000000 18 1 1 44
i1 0.000000 12.000000 18 1 1 44
i1 0.000000 12.000000 18 1 1 44
i1 0.000000 12.000000 18 1 1 44
i1 0.000000 12.000000 18 1 1 44
i1 0.000000 12.000000 17 1 1 44
i1 0.000000 12.000000 17 1 1 44
i1 0.000000 12.000000 18 1 1 44
i1 0.000000 12.000000 17 1 1 44
i1 0.000000 12.000000 18 1 1 44
i1 0.000000 12.000000 18 1 1 44
i1 0.000000 12.000000 19 1 1 44
i1 0.000000 12.000000 19 1 1 44
i1 0.000000 12.000000 19 1 1 44
i2 0.000000 12.000000 18 1 2 44
i2 0.000000 12.000000 17 1 2 44
i2 0.000000 12.000000 16 1 2 44
i2 0.000000 12.000000 16 1 2 44
i2 0.000000 12.000000 14 1 2 44
i2 0.000000 12.000000 13 1 2 44
i2 0.000000 12.000000 12 1 2 44
i2 0.000000 12.000000 11 1 2 44
i2 0.000000 12.000000 11 1 2 44
i2 0.000000 12.000000 11 1 2 44
i2 0.000000 12.000000 11 1 2 44
i2 0.000000 12.000000 12 1 2 44
i2 0.000000 12.000000 13 1 2 44
i2 0.000000 12.000000 15 1 2 44
i2 0.000000 12.000000 15 1 2 44
i2 0.000000 12.000000 15 1 2 44
i2 0.000000 12.000000 15 1 2 44
i2 0.000000 12.000000 17 1 2 44
i1 0.000000 12.000000 17 1 1 47
i1 0.000000 12.000000 18 1 1 47
i1 0.000000 12.000000 17 1 1 47
i1 0.000000 12.000000 16 1 1 47
i1 0.000000 12.000000 17 1 1 47
i1 0.000000 12.000000 17 1 1 47
i1 0.000000 12.000000 17 1 1 47
i1 0.000000 12.000000 17 1 1 47
i1 0.000000 12.000000 18 1 1 47
i1 0.000000 12.000000 18 1 1 47
i1 0.000000 12.000000 18 1 1 47
i1 0.000000 12.000000 17 1 1 47
i1 0.000000 12.000000 17 1 1 47
i1 0.000000 12.000000 16 1 1 47
i1 0.000000 12.000000 16 1 1 47
i1 0.000000 12.000000 17 1 1 47
i1 0.000000 12.000000 17 1 1 47
i1 0.000000 12.000000 18 1 1 47
i1 0.000000 12.000000 18 1 1 47
i1 0.000000 12.000000 18 1 1 47
i1 0.000000 12.000000 17 1 1 47
i1 0.000000 12.000000 17 1 1 47
i1 0.000000 12.000000 18 1 1 47
i1 0.000000 12.000000 18 1 1 47
i1 0.000000 12.000000 18 1 1 47
i1 0.000000 12.000000 18 1 1 47
i1 0.000000 12.000000 19 1 1 47
i1 0.000000 12.000000 20 1 1 47
i1 0.000000 12.000000 20 1 1 47
i1 0.000000 12.000000 20 1 1 47
i2 0.000000 12.000000 20 1 2 47
i2 0.000000 12.000000 19 1 2 47
i2 0.000000 12.000000 18 1 2 47
i2 0.000000 12.000000 18 1 2 47
i2 0.000000 12.000000 18 1 2 47
i2 0.000000 12.000000 17 1 2 47
i2 0.000000 12.000000 16 1 2 47
i2 0.000000 12.000000 15 1 2 47
i2 0.000000 12.000000 14 1 2 47
i2 0.000000 12.000000 13 1 2 47
i2 0.000000 12.000000 12 1 2 47
i2 0.000000 12.000000 11 1 2 47
i2 0.000000 12.000000 11 1 2 47
i2 0.000000 12.000000 11 1 2 47
i2 0.000000 12.000000 12 1 2 47
i2 0.000000 12.000000 12 1 2 47
i2 0.000000 12.000000 13 1 2 47
i2 0.000000 12.000000 14 1 2 47
i2 0.000000 12.000000 14 1 2 47
i2 0.000000 12.000000 14 1 2 47
i2 0.000000 12.000000 17 1 2 47
i2 0.000000 12.000000 17 1 2 47
i1 0.000000 12.000000 16 1 1 49
i1 0.000000 12.000000 17 1 1 49
i1 0.000000 12.000000 17 1 1 49
i1 0.000000 12.000000 17 1 1 49
i1 0.000000 12.000000 18 1 1 49
i1 0.000000 12.000000 18 1 1 49
i1 0.000000 12.000000 18 1 1 49
i1 0.000000 12.000000 19 1 1 49
i1 0.000000 12.000000 19 1 1 49
i1 0.000000 12.000000 19 1 1 49
i1 0.000000 12.000000 18 1 1 49
i1 0.000000 12.000000 18 1 1 49
i1 0.000000 12.000000 17 1 1 49
i1 0.000000 12.000000 16 1 1 49
i1 0.000000 12.000000 15 1 1 49
i1 0.000000 12.000000 16 1 1 49
i1 0.000000 12.000000 17 1 1 49
i1 0.000000 12.000000 17 1 1 49
i1 0.000000 12.000000 17 1 1 49
i1 0.000000 12.000000 17 1 1 49
i1 0.000000 12.000000 17 1 1 49
i1 0.000000 12.000000 17 1 1 49
i1 0.000000 12.000000 17 1 1 49
i1 0.000000 12.000000 17 1 1 49
i1 0.000000 12.000000 18 1 1 49
i1 0.000000 12.000000 18 1 1 49
i1 0.000000 12.000000 19 1 1 49
i1 0.000000 12.000000 20 1 1 49
i1 0.000000 12.000000 20 1 1 49
i2 0.000000 12.000000 20 1 2 49
i2 0.000000 12.000000 20 1 2 49
i2 0.000000 12.000000 20 1 2 49
i2 0.000000 12.000000 20 1 2 49
i2 0.000000 12.000000 21 1 2 49
i2 0.000000 12.000000 20 1 2 49
i2 0.000000 12.000000 19 1 2 49
i2 0.000000 12.000000 19 1 2 49
i2 0.000000 12.000000 17 1 2 49
i2 0.000000 12.000000 16 1 2 49
i2 0.000000 12.000000 15 1 2 49
i2 0.000000 12.000000 14 1 2 49
i2 0.000000 12.000000 12 1 2 49
i2 0.000000 12.000000 11 1 2 49
i2 0.000000 12.000000 11 1 2 49
i2 0.000000 12.000000 11 1 2 49
i2 0.000000 12.000000 12 1 2 49
i2 0.000000 12.000000 12 1 2 49
i2 0.000000 12.000000 13 1 2 49
i2 0.000000 12.000000 13 1 2 49
i2 0.000000 12.000000 14 1 2 49
i2 0.000000 12.000000 18 1 2 49
i2 0.000000 12.000000 18 1 2 49
i2 0.000000 12.000000 16 1 2 49
i1 0.000000 12.000000 17 1 1 52
i1 0.000000 12.000000 19 1 1 52
i1 0.000000 12.000000 19 1 1 52
i1 0.000000 12.000000 20 1 1 52
i1 0.000000 12.000000 20 1 1 52
i1 0.000000 12.000000 20 1 1 52
i1 0.000000 12.000000 19 1 1 52
i1 0.000000 12.000000 18 1 1 52
i1 0.000000 12.000000 17 1 1 52
i1 0.000000 12.000000 16 1 1 52
i1 0.000000 12.000000 15 1 1 52
i1 0.000000 12.000000 14 1 1 52
i1 0.000000 12.000000 15 1 1 52
i1 0.000000 12.000000 16 1 1 52
i1 0.000000 12.000000 16 1 1 52
i1 0.000000 12.000000 16 1 1 52
i1 0.000000 12.000000 16 1 1 52
i1 0.000000 12.000000 16 1 1 52
i1 0.000000 12.000000 16 1 1 52
i1 0.000000 12.000000 16 1 1 52
i1 0.000000 12.000000 16 1 1 52
i1 0.000000 12.000000 17 1 1 52
i1 0.000000 12.000000 18 1 1 52
i1 0.000000 12.000000 19 1 1 52
i1 0.000000 12.000000 19 1 1 52
i1 0.000000 12.000000 19 1 1 52
i2 0.000000 12.000000 19 1 2 52
i2 0.000000 12.000000 19 1 2 52
i2 0.000000 12.000000 20 1 2 52
i2 0.000000 12.000000 21 1 2 52
i2 0.000000 12.000000 22 1 2 52
i2 0.000000 12.000000 22 1 2 52
i2 0.000000 12.000000 21 1 2 52
i2 0.000000 12.000000 20 1 2 52
i2 0.000000 12.000000 19 1 2 52
i2 0.000000 12.000000 18 1 2 52
i2 0.000000 12.000000 17 1 2 52
i2 0.000000 12.000000 16 1 2 52
i2 0.000000 12.000000 14 1 2 52
i2 0.000000 12.000000 13 1 2 52
i2 0.000000 12.000000 12 1 2 52
i2 0.000000 12.000000 11 1 2 52
i2 0.000000 12.000000 12 1 2 52
i2 0.000000 12.000000 12 1 2 52
i2 0.000000 12.000000 12 1 2 52
i2 0.000000 12.000000 13 1 2 52
i2 0.000000 12.000000 14 1 2 52
i2 0.000000 12.000000 18 1 2 52
i2 0.000000 12.000000 19 1 2 52
i2 0.000000 12.000000 18 1 2 52
i1 0.000000 12.000000 17 1 1 54
i1 0.000000 12.000000 18 1 1 54
i1 0.000000 12.000000 19 1 1 54
i1 0.000000 12.000000 19 1 1 54
i1 0.000000 12.000000 19 1 1 54
i1 0.000000 12.000000 18 1 1 54
i1 0.000000 12.000000 17 1 1 54
i1 0.000000 12.000000 16 1 1 54
i1 0.000000 12.000000 14 1 1 54
i1 0.000000 12.000000 13 1 1 54
i1 0.000000 12.000000 13 1 1 54
i1 0.000000 12.000000 15 1 1 54
i1 0.000000 12.000000 16 1 1 54
i1 0.000000 12.000000 16 1 1 54
i1 0.000000 12.000000 16 1 1 54
i1 0.000000 12.000000 16 1 1 54
i1 0.000000 12.000000 15 1 1 54
i1 0.000000 12.000000 15 1 1 54
i1 0.000000 12.000000 16 1 1 54
i1 0.000000 12.000000 16 1 1 54
i1 0.000000 12.000000 17 1 1 54
i1 0.000000 12.000000 18 1 1 54
i1 0.000000 12.000000 18 1 1 54
i1 0.000000 12.000000 18 1 1 54
i2 0.000000 12.000000 18 1 2 54
i2 0.000000 12.000000 18 1 2 54
i2 0.000000 12.000000 20 1 2 54
i2 0.000000 12.000000 21 1 2 54
i2 0.000000 12.000000 22 1 2 54
i2 0.000000 12.000000 22 1 2 54
i2 0.000000 12.000000 21 1 2 54
i2 0.000000 12.000000 21 1 2 54
i2 0.000000 12.000000 20 1 2 54
i2 0.000000 12.000000 19 1 2 54
i2 0.000000 12.000000 18 1 2 54
i2 0.000000 12.000000 18 1 2 54
i2 0.000000 12.000000 17 1 2 54
i2 0.000000 12.000000 15 1 2 54
i2 0.000000 12.000000 13 1 2 54
i2 0.000000 12.000000 12 1 2 54
i2 0.000000 12.000000 12 1 2 54
i2 0.000000 12.000000 12 1 2 54
i2 0.000000 12.000000 12 1 2 54
i2 0.000000 12.000000 12 1 2 54
i2 0.000000 12.000000 14 1 2 54
i2 0.000000 12.000000 18 1 2 54
i2 0.000000 12.000000 19 1 2 54
i2 0.000000 12.000000 18 1 2 54
i1 0.000000 12.000000 14 1 1 57
i1 0.000000 12.000000 15 1 1 57
i1 0.000000 12.000000 16 1 1 57
i1 0.000000 12.000000 17 1 1 57
i1 0.000000 12.000000 16 1 1 57
i1 0.000000 12.000000 16 1 1 57
i1 0.000000 12.000000 15 1 1 57
i1 0.000000 12.000000 13 1 1 57
i1 0.000000 12.000000 12 1 1 57
i1 0.000000 12.000000 11 1 1 57
i1 0.000000 12.000000 13 1 1 57
i1 0.000000 12.000000 14 1 1 57
i1 0.000000 12.000000 15 1 1 57
i1 0.000000 12.000000 16 1 1 57
i1 0.000000 12.000000 15 1 1 57
i1 0.000000 12.000000 15 1 1 57
i1 0.000000 12.000000 15 1 1 57
i1 0.000000 12.000000 15 1 1 57
i1 0.000000 12.000000 16 1 1 57
i1 0.000000 12.000000 17 1 1 57
i1 0.000000 12.000000 17 1 1 57
i1 0.000000 12.000000 18 1 1 57
i1 0.000000 12.000000 18 1 1 57
i1 0.000000 12.000000 18 1 1 57
i2 0.000000 12.000000 18 1 2 57
i2 0.000000 12.000000 18 1 2 57
i2 0.000000 12.000000 19 1 2 57
i2 0.000000 12.000000 20 1 2 57
i2 0.000000 12.000000 21 1 2 57
i2 0.000000 12.000000 21 1 2 57
i2 0.000000 12.000000 21 1 2 57
i2 0.000000 12.000000 20 1 2 57
i2 0.000000 12.000000 19 1 2 57
i2 0.000000 12.000000 19 1 2 57
i2 0.000000 12.000000 18 1 2 57
i2 0.000000 12.000000 18 1 2 57
i2 0.000000 12.000000 18 1 2 57
i2 0.000000 12.000000 16 1 2 57
i2 0.000000 12.000000 14 1 2 57
i2 0.000000 12.000000 14 1 2 57
i2 0.000000 12.000000 13 1 2 57
i2 0.000000 12.000000 13 1 2 57
i2 0.000000 12.000000 12 1 2 57
i2 0.000000 12.000000 13 1 2 57
i2 0.000000 12.000000 14 1 2 57
i2 0.000000 12.000000 18 1 2 57
i2 0.000000 12.000000 19 1 2 57
i2 0.000000 12.000000 19 1 2 57
i1 0.000000 12.000000 11 1 1 60
i1 0.000000 12.000000 12 1 1 60
i1 0.000000 12.000000 13 1 1 60
i1 0.000000 12.000000 13 1 1 60
i1 0.000000 12.000000 13 1 1 60
i1 0.000000 12.000000 12 1 1 60
i1 0.000000 12.000000 11 1 1 60
i1 0.000000 12.000000 10 1 1 60
i1 0.000000 12.000000 10 1 1 60
i1 0.000000 12.000000 9 1 1 60
i1 0.000000 12.000000 11 1 1 60
i1 0.000000 12.000000 13 1 1 60
i1 0.000000 12.000000 15 1 1 60
i1 0.000000 12.000000 16 1 1 60
i1 0.000000 12.000000 15 1 1 60
i1 0.000000 12.000000 15 1 1 60
i1 0.000000 12.000000 15 1 1 60
i1 0.000000 12.000000 15 1 1 60
i1 0.000000 12.000000 16 1 1 60
i1 0.000000 12.000000 16 1 1 60
i1 0.000000 12.000000 17 1 1 60
i1 0.000000 12.000000 17 1 1 60
i1 0.000000 12.000000 18 1 1 60
i1 0.000000 12.000000 18 1 1 60
i2 0.000000 12.000000 18 1 2 60
i2 0.000000 12.000000 18 1 2 60
i2 0.000000 12.000000 18 1 2 60
i2 0.000000 12.000000 19 1 2 60
i2 0.000000 12.000000 20 1 2 60
i2 0.000000 12.000000 20 1 2 60
i2 0.000000 12.000000 20 1 2 60
i2 0.000000 12.000000 20 1 2 60
i2 0.000000 12.000000 18 1 2 60
i2 0.000000 12.000000 18 1 2 60
i2 0.000000 12.000000 17 1 2 60
i2 0.000000 12.000000 18 1 2 60
i2 0.000000 12.000000 18 1 2 60
i2 0.000000 12.000000 17 1 2 60
i2 0.000000 12.000000 15 1 2 60
i2 0.000000 12.000000 15 1 2 60
i2 0.000000 12.000000 15 1 2 60
i2 0.000000 12.000000 14 1 2 60
i2 0.000000 12.000000 14 1 2 60
i2 0.000000 12.000000 14 1 2 60
i2 0.000000 12.000000 15 1 2 60
i2 0.000000 12.000000 18 1 2 60
i2 0.000000 12.000000 19 1 2 60
i2 0.000000 12.000000 20 1 2 60
i2 0.000000 12.000000 17 1 2 60
i1 0.000000 12.000000 8 1 1 62
i1 0.000000 12.000000 9 1 1 62
i1 0.000000 12.000000 9 1 1 62
i1 0.000000 12.000000 10 1 1 62
i1 0.000000 12.000000 10 1 1 62
i1 0.000000 12.000000 9 1 1 62
i1 0.000000 12.000000 9 1 1 62
i1 0.000000 12.000000 8 1 1 62
i1 0.000000 12.000000 8 1 1 62
i1 0.000000 12.000000 8 1 1 62
i1 0.000000 12.000000 11 1 1 62
i1 0.000000 12.000000 12 1 1 62
i1 0.000000 12.000000 14 1 1 62
i1 0.000000 12.000000 15 1 1 62
i1 0.000000 12.000000 16 1 1 62
i1 0.000000 12.000000 15 1 1 62
i1 0.000000 12.000000 16 1 1 62
i1 0.000000 12.000000 16 1 1 62
i1 0.000000 12.000000 16 1 1 62
i1 0.000000 12.000000 16 1 1 62
i1 0.000000 12.000000 16 1 1 62
i1 0.000000 12.000000 17 1 1 62
i1 0.000000 12.000000 17 1 1 62
i1 0.000000 12.000000 18 1 1 62
i1 0.000000 12.000000 18 1 1 62
i2 0.000000 12.000000 18 1 2 62
i2 0.000000 12.000000 18 1 2 62
i2 0.000000 12.000000 19 1 2 62
i2 0.000000 12.000000 20 1 2 62
i2 0.000000 12.000000 20 1 2 62
i2 0.000000 12.000000 20 1 2 62
i2 0.000000 12.000000 20 1 2 62
i2 0.000000 12.000000 18 1 2 62
i2 0.000000 12.000000 17 1 2 62
i2 0.000000 12.000000 17 1 2 62
i2 0.000000 12.000000 17 1 2 62
i2 0.000000 12.000000 17 1 2 62
i2 0.000000 12.000000 16 1 2 62
i2 0.000000 12.000000 16 1 2 62
i2 0.000000 12.000000 16 1 2 62
i2 0.000000 12.000000 16 1 2 62
i2 0.000000 12.000000 16 1 2 62
i2 0.000000 12.000000 16 1 2 62
i2 0.000000 12.000000 16 1 2 62
i2 0.000000 12.000000 16 1 2 62
i2 0.000000 12.000000 17 1 2 62
i2 0.000000 12.000000 18 1 2 62
i2 0.000000 12.000000 20 1 2 62
i2 0.000000 12.000000 20 1 2 62
i2 0.000000 12.000000 18 1 2 62
i1 0.000000 12.000000 6 1 1 65
i1 0.000000 12.000000 7 1 1 65
i1 0.000000 12.000000 7 1 1 65
i1 0.000000 12.000000 7 1 1 65
i1 0.000000 12.000000 7 1 1 65
i1 0.000000 12.000000 7 1 1 65
i1 0.000000 12.000000 7 1 1 65
i1 0.000000 12.000000 7 1 1 65
i1 0.000000 12.000000 7 1 1 65
i1 0.000000 12.000000 7 1 1 65
i1 0.000000 12.000000 11 1 1 65
i1 0.000000 12.000000 12 1 1 65
i1 0.000000 12.000000 13 1 1 65
i1 0.000000 12.000000 15 1 1 65
i1 0.000000 12.000000 16 1 1 65
i1 0.000000 12.000000 16 1 1 65
i1 0.000000 12.000000 16 1 1 65
i1 0.000000 12.000000 16 1 1 65
i1 0.000000 12.000000 16 1 1 65
i1 0.000000 12.000000 16 1 1 65
i1 0.000000 12.000000 16 1 1 65
i1 0.000000 12.000000 16 1 1 65
i1 0.000000 12.000000 16 1 1 65
i1 0.000000 12.000000 17 1 1 65
i1 0.000000 12.000000 17 1 1 65
i1 0.000000 12.000000 17 1 1 65
i2 0.000000 12.000000 18 1 2 65
i2 0.000000 12.000000 18 1 2 65
i2 0.000000 12.000000 19 1 2 65
i2 0.000000 12.000000 21 1 2 65
i2 0.000000 12.000000 21 1 2 65
i2 0.000000 12.000000 20 1 2 65
i2 0.000000 12.000000 19 1 2 65
i2 0.000000 12.000000 17 1 2 65
i2 0.000000 12.000000 17 1 2 65
i2 0.000000 12.000000 16 1 2 65
i2 0.000000 12.000000 16 1 2 65
i2 0.000000 12.000000 16 1 2 65
i2 0.000000 12.000000 16 1 2 65
i2 0.000000 12.000000 17 1 2 65
i2 0.000000 12.000000 18 1 2 65
i2 0.000000 12.000000 18 1 2 65
i2 0.000000 12.000000 18 1 2 65
i2 0.000000 12.000000 18 1 2 65
i2 0.000000 12.000000 18 1 2 65
i2 0.000000 12.000000 19 1 2 65
i2 0.000000 12.000000 19 1 2 65
i2 0.000000 12.000000 20 1 2 65
i2 0.000000 12.000000 19 1 2 65
i2 0.000000 12.000000 18 1 2 65
i1 0.000000 12.000000 5 1 1 67
i1 0.000000 12.000000 5 1 1 67
i1 0.000000 12.000000 5 1 1 67
i1 0.000000 12.000000 5 1 1 67
i1 0.000000 12.000000 5 1 1 67
i1 0.000000 12.000000 5 1 1 67
i1 0.000000 12.000000 5 1 1 67
i1 0.000000 12.000000 6 1 1 67
i1 0.000000 12.000000 7 1 1 67
i1 0.000000 12.000000 8 1 1 67
i1 0.000000 12.000000 11 1 1 67
i1 0.000000 12.000000 11 1 1 67
i1 0.000000 12.000000 12 1 1 67
i1 0.000000 12.000000 13 1 1 67
i1 0.000000 12.000000 15 1 1 67
i1 0.000000 12.000000 16 1 1 67
i1 0.000000 12.000000 17 1 1 67
i1 0.000000 12.000000 17 1 1 67
i1 0.000000 12.000000 16 1 1 67
i1 0.000000 12.000000 16 1 1 67
i1 0.000000 12.000000 16 1 1 67
i1 0.000000 12.000000 16 1 1 67
i1 0.000000 12.000000 16 1 1 67
i1 0.000000 12.000000 16 1 1 67
i1 0.000000 12.000000 16 1 1 67
i1 0.000000 12.000000 16 1 1 67
i1 0.000000 12.000000 17 1 1 67
i2 0.000000 12.000000 17 1 2 67
i2 0.000000 12.000000 19 1 2 67
i2 0.000000 12.000000 20 1 2 67
i2 0.000000 12.000000 21 1 2 67
i2 0.000000 12.000000 21 1 2 67
i2 0.000000 12.000000 20 1 2 67
i2 0.000000 12.000000 18 1 2 67
i2 0.000000 12.000000 18 1 2 67
i2 0.000000 12.000000 17 1 2 67
i2 0.000000 12.000000 16 1 2 67
i2 0.000000 12.000000 16 1 2 67
i2 0.000000 12.000000 16 1 2 67
i2 0.000000 12.000000 17 1 2 67
i2 0.000000 12.000000 18 1 2 67
i2 0.000000 12.000000 19 1 2 67
i2 0.000000 12.000000 19 1 2 67
i2 0.000000 12.000000 19 1 2 67
i2 0.000000 12.000000 19 1 2 67
i2 0.000000 12.000000 20 1 2 67
i2 0.000000 12.000000 19 1 2 67
i2 0.000000 12.000000 19 1 2 67
i2 0.000000 12.000000 19 1 2 67
i2 0.000000 12.000000 17 1 2 67
i1 0.000000 12.000000 4 1 1 70
i1 0.000000 12.000000 5 1 1 70
i1 0.000000 12.000000 4 1 1 70
i1 0.000000 12.000000 4 1 1 70
i1 0.000000 12.000000 4 1 1 70
i1 0.000000 12.000000 4 1 1 70
i1 0.000000 12.000000 5 1 1 70
i1 0.000000 12.000000 6 1 1 70
i1 0.000000 12.000000 7 1 1 70
i1 0.000000 12.000000 9 1 1 70
i1 0.000000 12.000000 12 1 1 70
i1 0.000000 12.000000 12 1 1 70
i1 0.000000 12.000000 12 1 1 70
i1 0.000000 12.000000 13 1 1 70
i1 0.000000 12.000000 15 1 1 70
i1 0.000000 12.000000 15 1 1 70
i1 0.000000 12.000000 17 1 1 70
i1 0.000000 12.000000 17 1 1 70
i1 0.000000 12.000000 16 1 1 70
i1 0.000000 12.000000 16 1 1 70
i1 0.000000 12.000000 16 1 1 70
i1 0.000000 12.000000 16 1 1 70
i1 0.000000 12.000000 15 1 1 70
i1 0.000000 12.000000 15 1 1 70
i1 0.000000 12.000000 15 1 1 70
i1 0.000000 12.000000 15 1 1 70
i1 0.000000 12.000000 15 1 1 70
i1 0.000000 12.000000 16 1 1 70
i2 0.000000 12.000000 17 1 2 70
i2 0.000000 12.000000 19 1 2 70
i2 0.000000 12.000000 20 1 2 70
i2 0.000000 12.000000 20 1 2 70
i2 0.000000 12.000000 20 1 2 70
i2 0.000000 12.000000 20 1 2 70
i2 0.000000 12.000000 19 1 2 70
i2 0.000000 12.000000 18 1 2 70
i2 0.000000 12.000000 17 1 2 70
i2 0.000000 12.000000 17 1 2 70
i2 0.000000 12.000000 17 1 2 70
i2 0.000000 12.000000 18 1 2 70
i2 0.000000 12.000000 19 1 2 70
i2 0.000000 12.000000 20 1 2 70
i2 0.000000 12.000000 20 1 2 70
i2 0.000000 12.000000 20 1 2 70
i2 0.000000 12.000000 20 1 2 70
i2 0.000000 12.000000 20 1 2 70
i2 0.000000 12.000000 19 1 2 70
i2 0.000000 12.000000 19 1 2 70
i2 0.000000 12.000000 18 1 2 70
i1 0.000000 12.000000 4 1 1 73
i1 0.000000 12.000000 4 1 1 73
i1 0.000000 12.000000 4 1 1 73
i1 0.000000 12.000000 4 1 1 73
i1 0.000000 12.000000 4 1 1 73
i1 0.000000 12.000000 4 1 1 73
i1 0.000000 12.000000 5 1 1 73
i1 0.000000 12.000000 7 1 1 73
i1 0.000000 12.000000 8 1 1 73
i1 0.000000 12.000000 9 1 1 73
i1 0.000000 12.000000 13 1 1 73
i1 0.000000 12.000000 13 1 1 73
i1 0.000000 12.000000 13 1 1 73
i1 0.000000 12.000000 13 1 1 73
i1 0.000000 12.000000 14 1 1 73
i1 0.000000 12.000000 15 1 1 73
i1 0.000000 12.000000 16 1 1 73
i1 0.000000 12.000000 17 1 1 73
i1 0.000000 12.000000 17 1 1 73
i1 0.000000 12.000000 16 1 1 73
i1 0.000000 12.000000 16 1 1 73
i1 0.000000 12.000000 16 1 1 73
i1 0.000000 12.000000 15 1 1 73
i1 0.000000 12.000000 15 1 1 73
i1 0.000000 12.000000 15 1 1 73
i1 0.000000 12.000000 15 1 1 73
i1 0.000000 12.000000 14 1 1 73
i1 0.000000 12.000000 14 1 1 73
i1 0.000000 12.000000 15 1 1 73
i2 0.000000 12.000000 16 1 2 73
i2 0.000000 12.000000 16 1 2 73
i2 0.000000 12.000000 17 1 2 73
i2 0.000000 12.000000 18 1 2 73
i2 0.000000 12.000000 19 1 2 73
i2 0.000000 12.000000 20 1 2 73
i2 0.000000 12.000000 19 1 2 73
i2 0.000000 12.000000 19 1 2 73
i2 0.000000 12.000000 18 1 2 73
i2 0.000000 12.000000 18 1 2 73
i2 0.000000 12.000000 19 1 2 73
i2 0.000000 12.000000 20 1 2 73
i2 0.000000 12.000000 21 1 2 73
i2 0.000000 12.000000 21 1 2 73
i2 0.000000 12.000000 21 1 2 73
i2 0.000000 12.000000 20 1 2 73
i2 0.000000 12.000000 20 1 2 73
i2 0.000000 12.000000 19 1 2 73
i2 0.000000 12.000000 18 1 2 73
i2 0.000000 12.000000 17 1 2 73
i1 0.000000 12.000000 3 1 1 75
i1 0.000000 12.000000 3 1 1 75
i1 0.000000 12.000000 3 1 1 75
i1 0.000000 12.000000 3 1 1 75
i1 0.000000 12.000000 4 1 1 75
i1 0.000000 12.000000 5 1 1 75
i1 0.000000 12.000000 6 1 1 75
i1 0.000000 12.000000 7 1 1 75
i1 0.000000 12.000000 9 1 1 75
i1 0.000000 12.000000 10 1 1 75
i1 0.000000 12.000000 14 1 1 75
i1 0.000000 12.000000 14 1 1 75
i1 0.000000 12.000000 14 1 1 75
i1 0.000000 12.000000 14 1 1 75
i1 0.000000 12.000000 13 1 1 75
i1 0.000000 12.000000 13 1 1 75
i1 0.000000 12.000000 15 1 1 75
i1 0.000000 12.000000 16 1 1 75
i1 0.000000 12.000000 17 1 1 75
i1 0.000000 12.000000 17 1 1 75
i1 0.000000 12.000000 16 1 1 75
i1 0.000000 12.000000 16 1 1 75
i1 0.000000 12.000000 15 1 1 75
i1 0.000000 12.000000 15 1 1 75
i1 0.000000 12.000000 15 1 1 75
i1 0.000000 12.000000 15 1 1 75
i1 0.000000 12.000000 14 1 1 75
i1 0.000000 12.000000 14 1 1 75
i1 0.000000 12.000000 13 1 1 75
i1 0.000000 12.000000 13 1 1 75
i2 0.000000 12.000000 13 1 2 75
i2 0.000000 12.000000 14 1 2 75
i2 0.000000 12.000000 15 1 2 75
i2 0.000000 12.000000 18 1 2 75
i2 0.000000 12.000000 19 1 2 75
i2 0.000000 12.000000 19 1 2 75
i2 0.000000 12.000000 20 1 2 75
i2 0.000000 12.000000 19 1 2 75
i2 0.000000 12.000000 19 1 2 75
i2 0.000000 12.000000 20 1 2 75
i2 0.000000 12.000000 20 1 2 75
i2 0.000000 12.000000 21 1 2 75
i2 0.000000 12.000000 21 1 2 75
i2 0.000000 12.000000 21 1 2 75
i2 0.000000 12.000000 20 1 2 75
i2 0.000000 12.000000 19 1 2 75
i2 0.000000 12.000000 18 1 2 75
i2 0.000000 12.000000 16 1 2 75
i2 0.000000 12.000000 14 1 2 75
i1 0.000000 12.000000 3 1 1 78
i1 0.000000 12.000000 3 1 1 78
i1 0.000000 12.000000 3 1 1 78
i1 0.000000 12.000000 3 1 1 78
i1 0.000000 12.000000 4 1 1 78
i1 0.000000 12.000000 5 1 1 78
i1 0.000000 12.000000 6 1 1 78
i1 0.000000 12.000000 8 1 1 78
i1 0.000000 12.000000 10 1 1 78
i1 0.000000 12.000000 11 1 1 78
i1 0.000000 12.000000 15 1 1 78
i1 0.000000 12.000000 15 1 1 78
i1 0.000000 12.000000 16 1 1 78
i1 0.000000 12.000000 15 1 1 78
i1 0.000000 12.000000 12 1 1 78
i1 0.000000 12.000000 12 1 1 78
i1 0.000000 12.000000 14 1 1 78
i1 0.000000 12.000000 16 1 1 78
i1 0.000000 12.000000 17 1 1 78
i1 0.000000 12.000000 17 1 1 78
i1 0.000000 12.000000 17 1 1 78
i1 0.000000 12.000000 16 1 1 78
i1 0.000000 12.000000 16 1 1 78
i1 0.000000 12.000000 15 1 1 78
i1 0.000000 12.000000 15 1 1 78
i1 0.000000 12.000000 15 1 1 78
i1 0.000000 12.000000 14 1 1 78
i1 0.000000 12.000000 13 1 1 78
i1 0.000000 12.000000 13 1 1 78
i1 0.000000 12.000000 12 1 1 78
i1 0.000000 12.000000 10 1 1 78
i2 0.000000 12.000000 10 1 2 78
i2 0.000000 12.000000 12 1 2 78
i2 0.000000 12.000000 15 1 2 78
i2 0.000000 12.000000 17 1 2 78
i2 0.000000 12.000000 19 1 2 78
i2 0.000000 12.000000 20 1 2 78
i2 0.000000 12.000000 20 1 2 78
i2 0.000000 12.000000 19 1 2 78
i2 0.000000 12.000000 19 1 2 78
i2 0.000000 12.000000 20 1 2 78
i2 0.000000 12.000000 20 1 2 78
i2 0.000000 12.000000 20 1 2 78
i2 0.000000 12.000000 20 1 2 78
i2 0.000000 12.000000 19 1 2 78
i2 0.000000 12.000000 17 1 2 78
i2 0.000000 12.000000 15 1 2 78
i2 0.000000 12.000000 13 1 2 78
i2 0.000000 12.000000 11 1 2 78
i1 0.000000 12.000000 3 1 1 80
i1 0.000000 12.000000 3 1 1 80
i1 0.000000 12.000000 3 1 1 80
i1 0.000000 12.000000 3 1 1 80
i1 0.000000 12.000000 4 1 1 80
i1 0.000000 12.000000 5 1 1 80
i1 0.000000 12.000000 7 1 1 80
i1 0.000000 12.000000 8 1 1 80
i1 0.000000 12.000000 10 1 1 80
i1 0.000000 12.000000 11 1 1 80
i1 0.000000 12.000000 16 1 1 80
i1 0.000000 12.000000 17 1 1 80
i1 0.000000 12.000000 18 1 1 80
i1 0.000000 12.000000 17 1 1 80
i1 0.000000 12.000000 12 1 1 80
i1 0.000000 12.000000 12 1 1 80
i1 0.000000 12.000000 14 1 1 80
i1 0.000000 12.000000 16 1 1 80
i1 0.000000 12.000000 17 1 1 80
i1 0.000000 12.000000 18 1 1 80
i1 0.000000 12.000000 18 1 1 80
i1 0.000000 12.000000 17 1 1 80
i1 0.000000 12.000000 16 1 1 80
i1 0.000000 12.000000 16 1 1 80
i1 0.000000 12.000000 15 1 1 80
i1 0.000000 12.000000 15 1 1 80
i1 0.000000 12.000000 14 1 1 80
i1 0.000000 12.000000 14 1 1 80
i1 0.000000 12.000000 13 1 1 80
i1 0.000000 12.000000 11 1 1 80
i1 0.000000 12.000000 9 1 1 80
i1 0.000000 12.000000 9 1 1 80
i2 0.000000 12.000000 10 1 2 80
i2 0.000000 12.000000 12 1 2 80
i2 0.000000 12.000000 14 1 2 80
i2 0.000000 12.000000 17 1 2 80
i2 0.000000 12.000000 18 1 2 80
i2 0.000000 12.000000 19 1 2 80
i2 0.000000 12.000000 18 1 2 80
i2 0.000000 12.000000 18 1 2 80
i2 0.000000 12.000000 18 1 2 80
i2 0.000000 12.000000 18 1 2 80
i2 0.000000 12.000000 18 1 2 80
i2 0.000000 12.000000 18 1 2 80
i2 0.000000 12.000000 17 1 2 80
i2 0.000000 12.000000 15 1 2 80
i2 0.000000 12.000000 13 1 2 80
i2 0.000000 12.000000 11 1 2 80
i2 0.000000 12.000000 9 1 2 80
i1 0.000000 12.000000 3 1 1 83
i1 0.000000 12.000000 3 1 1 83
i1 0.000000 12.000000 3 1 1 83
i1 0.000000 12.000000 3 1 1 83
i1 0.000000 12.000000 4 1 1 83
i1 0.000000 12.000000 5 1 1 83
i1 0.000000 12.000000 7 1 1 83
i1 0.000000 12.000000 9 1 1 83
i1 0.000000 12.000000 10 1 1 83
i1 0.000000 12.000000 12 1 1 83
i1 0.000000 12.000000 16 1 1 83
i1 0.000000 12.000000 18 1 1 83
i1 0.000000 12.000000 19 1 1 83
i1 0.000000 12.000000 18 1 1 83
i1 0.000000 12.000000 12 1 1 83
i1 0.000000 12.000000 12 1 1 83
i1 0.000000 12.000000 14 1 1 83
i1 0.000000 12.000000 17 1 1 83
i1 0.000000 12.000000 18 1 1 83
i1 0.000000 12.000000 18 1 1 83
i1 0.000000 12.000000 18 1 1 83
i1 0.000000 12.000000 18 1 1 83
i1 0.000000 12.000000 17 1 1 83
i1 0.000000 12.000000 16 1 1 83
i1 0.000000 12.000000 16 1 1 83
i1 0.000000 12.000000 15 1 1 83
i1 0.000000 12.000000 15 1 1 83
i1 0.000000 12.000000 14 1 1 83
i1 0.000000 12.000000 13 1 1 83
i1 0.000000 12.000000 11 1 1 83
i1 0.000000 12.000000 9 1 1 83
i1 0.000000 12.000000 8 1 1 83
i1 0.000000 12.000000 8 1 1 83
i2 0.000000 12.000000 10 1 2 83
i2 0.000000 12.000000 12 1 2 83
i2 0.000000 12.000000 15 1 2 83
i2 0.000000 12.000000 16 1 2 83
i2 0.000000 12.000000 17 1 2 83
i2 0.000000 12.000000 17 1 2 83
i2 0.000000 12.000000 16 1 2 83
i2 0.000000 12.000000 16 1 2 83
i2 0.000000 12.000000 17 1 2 83
i2 0.000000 12.000000 17 1 2 83
i2 0.000000 12.000000 16 1 2 83
i2 0.000000 12.000000 15 1 2 83
i2 0.000000 12.000000 13 1 2 83
i2 0.000000 12.000000 12 1 2 83
i2 0.000000 12.000000 9 1 2 83
i2 0.000000 12.000000 8 1 2 83
i1 0.000000 12.000000 4 1 1 86
i1 0.000000 12.000000 3 1 1 86
i1 0.000000 12.000000 3 1 1 86
i1 0.000000 12.000000 3 1 1 86
i1 0.000000 12.000000 4 1 1 86
i1 0.000000 12.000000 5 1 1 86
i1 0.000000 12.000000 7 1 1 86
i1 0.000000 12.000000 9 1 1 86
i1 0.000000 12.000000 11 1 1 86
i1 0.000000 12.000000 12 1 1 86
i1 0.000000 12.000000 17 1 1 86
i1 0.000000 12.000000 19 1 1 86
i1 0.000000 12.000000 20 1 1 86
i1 0.000000 12.000000 19 1 1 86
i1 0.000000 12.000000 13 1 1 86
i1 0.000000 12.000000 13 1 1 86
i1 0.000000 12.000000 15 1 1 86
i1 0.000000 12.000000 18 1 1 86
i1 0.000000 12.000000 19 1 1 86
i1 0.000000 12.000000 19 1 1 86
i1 0.000000 12.000000 19 1 1 86
i1 0.000000 12.000000 18 1 1 86
i1 0.000000 12.000000 18 1 1 86
i1 0.000000 12.000000 17 1 1 86
i1 0.000000 12.000000 16 1 1 86
i1 0.000000 12.000000 16 1 1 86
i1 0.000000 12.000000 15 1 1 86
i1 0.000000 12.000000 15 1 1 86
i1 0.000000 12.000000 13 1 1 86
i1 0.000000 12.000000 12 1 1 86
i1 0.000000 12.000000 10 1 1 86
i1 0.000000 12.000000 8 1 1 86
i1 0.000000 12.000000 8 1 1 86
i1 0.000000 12.000000 9 1 1 86
i2 0.000000 12.000000 11 1 2 86
i2 0.000000 12.000000 14 1 2 86
i2 0.000000 12.000000 15 1 2 86
i2 0.000000 12.000000 16 1 2 86
i2 0.000000 12.000000 16 1 2 86
i2 0.000000 12.000000 16 1 2 86
i2 0.000000 12.000000 17 1 2 86
i2 0.000000 12.000000 17 1 2 86
i2 0.000000 12.000000 17 1 2 86
i2 0.000000 12.000000 16 1 2 86
i2 0.000000 12.000000 15 1 2 86
i2 0.000000 12.000000 13 1 2 86
i2 0.000000 12.000000 12 1 2 86
i2 0.000000 12.000000 10 1 2 86
i2 0.000000 12.000000 8 1 2 86
i1 0.000000 12.000000 4 1 1 88
i1 0.000000 12.000000 3 1 1 88
i1 0.000000 12.000000 3 1 1 88
i1 0.000000 12.000000 3 1 1 88
i1 0.000000 12.000000 4 1 1 88
i1 0.000000 12.000000 6 1 1 88
i1 0.000000 12.000000 8 1 1 88
i1 0.000000 12.000000 10 1 1 88
i1 0.000000 12.000000 11 1 1 88
i1 0.000000 12.000000 11 1 1 88
i1 0.000000 12.000000 18 1 1 88
i1 0.000000 12.000000 19 1 1 88
i1 0.000000 12.000000 18 1 1 88
i1 0.000000 12.000000 14 1 1 88
i1 0.000000 12.000000 13 1 1 88
i1 0.000000 12.000000 15 1 1 88
i1 0.000000 12.000000 17 1 1 88
i1 0.000000 12.000000 18 1 1 88
i1 0.000000 12.000000 19 1 1 88
i1 0.000000 12.000000 19 1 1 88
i1 0.000000 12.000000 18 1 1 88
i1 0.000000 12.000000 18 1 1 88
i1 0.000000 12.000000 17 1 1 88
i1 0.000000 12.000000 17 1 1 88
i1 0.000000 12.000000 16 1 1 88
i1 0.000000 12.000000 15 1 1 88
i1 0.000000 12.000000 15 1 1 88
i1 0.000000 12.000000 14 1 1 88
i1 0.000000 12.000000 12 1 1 88
i1 0.000000 12.000000 10 1 1 88
i1 0.000000 12.000000 9 1 1 88
i1 0.000000 12.000000 9 1 1 88
i2 0.000000 12.000000 10 1 2 88
i2 0.000000 12.000000 12 1 2 88
i2 0.000000 12.000000 15 1 2 88
i2 0.000000 12.000000 16 1 2 88
i2 0.000000 12.000000 16 1 2 88
i2 0.000000 12.000000 16 1 2 88
i2 0.000000 12.000000 16 1 2 88
i2 0.000000 12.000000 17 1 2 88
i2 0.000000 12.000000 18 1 2 88
i2 0.000000 12.000000 18 1 2 88
i2 0.000000 12.000000 17 1 2 88
i2 0.000000 12.000000 16 1 2 88
i2 0.000000 12.000000 14 1 2 88
i2 0.000000 12.000000 13 1 2 88
i2 0.000000 12.000000 11 1 2 88
i2 0.000000 12.000000 10 1 2 88
i1 0.000000 12.000000 4 1 1 91
i1 0.000000 12.000000 4 1 1 91
i1 0.000000 12.000000 4 1 1 91
i1 0.000000 12.000000 4 1 1 91
i1 0.000000 12.000000 5 1 1 91
i1 0.000000 12.000000 6 1 1 91
i1 0.000000 12.000000 8 1 1 91
i1 0.000000 12.000000 10 1 1 91
i1 0.000000 12.000000 11 1 1 91
i1 0.000000 12.000000 11 1 1 91
i1 0.000000 12.000000 16 1 1 91
i1 0.000000 12.000000 17 1 1 91
i1 0.000000 12.000000 16 1 1 91
i1 0.000000 12.000000 13 1 1 91
i1 0.000000 12.000000 13 1 1 91
i1 0.000000 12.000000 15 1 1 91
i1 0.000000 12.000000 17 1 1 91
i1 0.000000 12.000000 18 1 1 91
i1 0.000000 12.000000 18 1 1 91
i1 0.000000 12.000000 18 1 1 91
i1 0.000000 12.000000 18 1 1 91
i1 0.000000 12.000000 18 1 1 91
i1 0.000000 12.000000 17 1 1 91
i1 0.000000 12.000000 17 1 1 91
i1 0.000000 12.000000 16 1 1 91
i1 0.000000 12.000000 15 1 1 91
i1 0.000000 12.000000 14 1 1 91
i1 0.000000 12.000000 13 1 1 91
i1 0.000000 12.000000 11 1 1 91
i1 0.000000 12.000000 10 1 1 91
i1 0.000000 12.000000 9 1 1 91
i2 0.000000 12.000000 10 1 2 91
i2 0.000000 12.000000 12 1 2 91
i2 0.000000 12.000000 15 1 2 91
i2 0.000000 12.000000 17 1 2 91
i2 0.000000 12.000000 18 1 2 91
i2 0.000000 12.000000 17 1 2 91
i2 0.000000 12.000000 16 1 2 91
i2 0.000000 12.000000 17 1 2 91
i2 0.000000 12.000000 18 1 2 91
i2 0.000000 12.000000 19 1 2 91
i2 0.000000 12.000000 18 1 2 91
i2 0.000000 12.000000 17 1 2 91
i2 0.000000 12.000000 16 1 2 91
i2 0.000000 12.000000 15 1 2 91
i2 0.000000 12.000000 14 1 2 91
i2 0.000000 12.000000 13 1 2 91
i2 0.000000 12.000000 12 1 2 91
i1 0.000000 12.000000 4 1 1 94
i1 0.000000 12.000000 4 1 1 94
i1 0.000000 12.000000 4 1 1 94
i1 0.000000 12.000000 4 1 1 94
i1 0.000000 12.000000 5 1 1 94
i1 0.000000 12.000000 6 1 1 94
i1 0.000000 12.000000 7 1 1 94
i1 0.000000 12.000000 9 1 1 94
i1 0.000000 12.000000 10 1 1 94
i1 0.000000 12.000000 11 1 1 94
i1 0.000000 12.000000 13 1 1 94
i1 0.000000 12.000000 13 1 1 94
i1 0.000000 12.000000 15 1 1 94
i1 0.000000 12.000000 17 1 1 94
i1 0.000000 12.000000 18 1 1 94
i1 0.000000 12.000000 18 1 1 94
i1 0.000000 12.000000 18 1 1 94
i1 0.000000 12.000000 18 1 1 94
i1 0.000000 12.000000 17 1 1 94
i1 0.000000 12.000000 17 1 1 94
i1 0.000000 12.000000 16 1 1 94
i1 0.000000 12.000000 15 1 1 94
i1 0.000000 12.000000 14 1 1 94
i1 0.000000 12.000000 14 1 1 94
i1 0.000000 12.000000 12 1 1 94
i1 0.000000 12.000000 11 1 1 94
i2 0.000000 12.000000 10 1 2 94
i2 0.000000 12.000000 11 1 2 94
i2 0.000000 12.000000 12 1 2 94
i2 0.000000 12.000000 14 1 2 94
i2 0.000000 12.000000 17 1 2 94
i2 0.000000 12.000000 19 1 2 94
i2 0.000000 12.000000 19 1 2 94
i2 0.000000 12.000000 18 1 2 94
i2 0.000000 12.000000 17 1 2 94
i2 0.000000 12.000000 18 1 2 94
i2 0.000000 12.000000 18 1 2 94
i2 0.000000 12.000000 18 1 2 94
i2 0.000000 12.000000 18 1 2 94
i2 0.000000 12.000000 17 1 2 94
i2 0.000000 12.000000 17 1 2 94
i2 0.000000 12.000000 16 1 2 94
i2 0.000000 12.000000 15 1 2 94
i2 0.000000 12.000000 15 1 2 94
i2 0.000000 12.000000 13 1 2 94
i1 0.000000 12.000000 4 1 1 96
i1 0.000000 12.000000 4 1 1 96
i1 0.000000 12.000000 4 1 1 96
i1 0.000000 12.000000 5 1 1 96
i1 0.000000 12.000000 5 1 1 96
i1 0.000000 12.000000 5 1 1 96
i1 0.000000 12.000000 7 1 1 96
i1 0.000000 12.000000 8 1 1 96
i1 0.000000 12.000000 10 1 1 96
i1 0.000000 12.000000 10 1 1 96
i1 0.000000 12.000000 13 1 1 96
i1 0.000000 12.000000 14 1 1 96
i1 0.000000 12.000000 15 1 1 96
i1 0.000000 12.000000 17 1 1 96
i1 0.000000 12.000000 18 1 1 96
i1 0.000000 12.000000 18 1 1 96
i1 0.000000 12.000000 17 1 1 96
i1 0.000000 12.000000 17 1 1 96
i1 0.000000 12.000000 17 1 1 96
i1 0.000000 12.000000 17 1 1 96
i1 0.000000 12.000000 16 1 1 96
i1 0.000000 12.000000 15 1 1 96
i1 0.000000 12.000000 14 1 1 96
i1 0.000000 12.000000 14 1 1 96
i1 0.000000 12.000000 12 1 1 96
i2 0.000000 12.000000 12 1 2 96
i2 0.000000 12.000000 12 1 2 96
i2 0.000000 12.000000 14 1 2 96
i2 0.000000 12.000000 15 1 2 96
i2 0.000000 12.000000 17 1 2 96
i2 0.000000 12.000000 19 1 2 96
i2 0.000000 12.000000 19 1 2 96
i2 0.000000 12.000000 18 1 2 96
i2 0.000000 12.000000 18 1 2 96
i2 0.000000 12.000000 18 1 2 96
i2 0.000000 12.000000 18 1 2 96
i2 0.000000 12.000000 18 1 2 96
i2 0.000000 12.000000 18 1 2 96
i2 0.000000 12.000000 17 1 2 96
i2 0.000000 12.000000 17 1 2 96
i2 0.000000 12.000000 17 1 2 96
i2 0.000000 12.000000 16 1 2 96
i2 0.000000 12.000000 16 1 2 96
i2 0.000000 12.000000 16 1 2 96
i2 0.000000 12.000000 15 1 2 96
i1 0.000000 12.000000 4 1 1 99
i1 0.000000 12.000000 5 1 1 99
i1 0.000000 12.000000 5 1 1 99
i1 0.000000 12.000000 5 1 1 99
i1 0.000000 12.000000 5 1 1 99
i1 0.000000 12.000000 6 1 1 99
i1 0.000000 12.000000 6 1 1 99
i1 0.000000 12.000000 7 1 1 99
i1 0.000000 12.000000 9 1 1 99
i1 0.000000 12.000000 10 1 1 99
i1 0.000000 12.000000 13 1 1 99
i1 0.000000 12.000000 15 1 1 99
i1 0.000000 12.000000 16 1 1 99
i1 0.000000 12.000000 17 1 1 99
i1 0.000000 12.000000 17 1 1 99
i1 0.000000 12.000000 17 1 1 99
i1 0.000000 12.000000 17 1 1 99
i1 0.000000 12.000000 16 1 1 99
i1 0.000000 12.000000 16 1 1 99
i1 0.000000 12.000000 16 1 1 99
i1 0.000000 12.000000 16 1 1 99
i1 0.000000 12.000000 16 1 1 99
i1 0.000000 12.000000 15 1 1 99
i2 0.000000 12.000000 14 1 2 99
i2 0.000000 12.000000 13 1 2 99
i2 0.000000 12.000000 14 1 2 99
i2 0.000000 12.000000 15 1 2 99
i2 0.000000 12.000000 16 1 2 99
i2 0.000000 12.000000 18 1 2 99
i2 0.000000 12.000000 19 1 2 99
i2 0.000000 12.000000 19 1 2 99
i2 0.000000 12.000000 19 1 2 99
i2 0.000000 12.000000 18 1 2 99
i2 0.000000 12.000000 17 1 2 99
i2 0.000000 12.000000 17 1 2 99
i2 0.000000 12.000000 17 1 2 99
i2 0.000000 12.000000 17 1 2 99
i2 0.000000 12.000000 16 1 2 99
i2 0.000000 12.000000 16 1 2 99
i2 0.000000 12.000000 16 1 2 99
i2 0.000000 12.000000 17 1 2 99
i2 0.000000 12.000000 17 1 2 99
i2 0.000000 12.000000 16 1 2 99
i1 0.000000 12.000000 6 1 1 101
i1 0.000000 12.000000 6 1 1 101
i1 0.000000 12.000000 7 1 1 101
i1 0.000000 12.000000 7 1 1 101
i1 0.000000 12.000000 7 1 1 101
i1 0.000000 12.000000 7 1 1 101
i1 0.000000 12.000000 7 1 1 101
i1 0.000000 12.000000 7 1 1 101
i1 0.000000 12.000000 8 1 1 101
i1 0.000000 12.000000 9 1 1 101
i1 0.000000 12.000000 15 1 1 101
i1 0.000000 12.000000 16 1 1 101
i1 0.000000 12.000000 17 1 1 101
i1 0.000000 12.000000 17 1 1 101
i1 0.000000 12.000000 17 1 1 101
i1 0.000000 12.000000 16 1 1 101
i1 0.000000 12.000000 16 1 1 101
i1 0.000000 12.000000 16 1 1 101
i1 0.000000 12.000000 16 1 1 101
i1 0.000000 12.000000 16 1 1 101
i1 0.000000 12.000000 16 1 1 101
i1 0.000000 12.000000 16 1 1 101
i2 0.000000 12.000000 16 1 2 101
i2 0.000000 12.000000 15 1 2 101
i2 0.000000 12.000000 15 1 2 101
i2 0.000000 12.000000 16 1 2 101
i2 0.000000 12.000000 17 1 2 101
i2 0.000000 12.000000 18 1 2 101
i2 0.000000 12.000000 18 1 2 101
i2 0.000000 12.000000 18 1 2 101
i2 0.000000 12.000000 18 1 2 101
i2 0.000000 12.000000 17 1 2 101
i2 0.000000 12.000000 17 1 2 101
i2 0.000000 12.000000 17 1 2 101
i2 0.000000 12.000000 17 1 2 101
i2 0.000000 12.000000 17 1 2 101
i1 0.000000 12.000000 8 1 1 104
i1 0.000000 12.000000 8 1 1 104
i1 0.000000 12.000000 9 1 1 104
i1 0.000000 12.000000 9 1 1 104
i1 0.000000 12.000000 9 1 1 104
i1 0.000000 12.000000 9 1 1 104
i1 0.000000 12.000000 9 1 1 104
i1 0.000000 12.000000 8 1 1 104
i1 0.000000 12.000000 8 1 1 104
i1 0.000000 12.000000 8 1 1 104
i1 0.000000 12.000000 15 1 1 104
i1 0.000000 12.000000 16 1 1 104
i1 0.000000 12.000000 17 1 1 104
i1 0.000000 12.000000 17 1 1 104
i1 0.000000 12.000000 16 1 1 104
i1 0.000000 12.000000 16 1 1 104
i1 0.000000 12.000000 16 1 1 104
i1 0.000000 12.000000 16 1 1 104
i1 0.000000 12.000000 17 1 1 104
i1 0.000000 12.000000 17 1 1 104
i1 0.000000 12.000000 16 1 1 104
i2 0.000000 12.000000 16 1 2 104
i2 0.000000 12.000000 16 1 2 104
i2 0.000000 12.000000 16 1 2 104
i2 0.000000 12.000000 17 1 2 104
i2 0.000000 12.000000 18 1 2 104
i2 0.000000 12.000000 19 1 2 104
i2 0.000000 12.000000 19 1 2 104
i2 0.000000 12.000000 18 1 2 104
i2 0.000000 12.000000 17 1 2 104
i2 0.000000 12.000000 17 1 2 104
i2 0.000000 12.000000 17 1 2 104
i2 0.000000 12.000000 17 1 2 104
i2 0.000000 12.000000 17 1 2 104
i1 0.000000 12.000000 10 1 1 107
i1 0.000000 12.000000 11 1 1 107
i1 0.000000 12.000000 11 1 1 107
i1 0.000000 12.000000 11 1 1 107
i1 0.000000 12.000000 11 1 1 107
i1 0.000000 12.000000 11 1 1 107
i1 0.000000 12.000000 11 1 1 107
i1 0.000000 12.000000 10 1 1 107
i1 0.000000 12.000000 10 1 1 107
i1 0.000000 12.000000 9 1 1 107
i1 0.000000 12.000000 16 1 1 107
i1 0.000000 12.000000 16 1 1 107
i1 0.000000 12.000000 16 1 1 107
i1 0.000000 12.000000 16 1 1 107
i1 0.000000 12.000000 17 1 1 107
i2 0.000000 12.000000 16 1 2 107
i2 0.000000 12.000000 16 1 2 107
i2 0.000000 12.000000 16 1 2 107
i2 0.000000 12.000000 17 1 2 107
i2 0.000000 12.000000 18 1 2 107
i2 0.000000 12.000000 19 1 2 107
i2 0.000000 12.000000 19 1 2 107
i2 0.000000 12.000000 18 1 2 107
i2 0.000000 12.000000 16 1 2 107
i2 0.000000 12.000000 16 1 2 107
i2 0.000000 12.000000 17 1 2 107
i1 0.000000 12.000000 13 1 1 109
i1 0.000000 12.000000 13 1 1 109
i1 0.000000 12.000000 14 1 1 109
i1 0.000000 12.000000 14 1 1 109
i1 0.000000 12.000000 14 1 1 109
i1 0.000000 12.000000 14 1 1 109
i1 0.000000 12.000000 13 1 1 109
i1 0.000000 12.000000 13 1 1 109
i1 0.000000 12.000000 12 1 1 109
i1 0.000000 12.000000 11 1 1 109
i1 0.000000 12.000000 16 1 1 109
i1 0.000000 12.000000 15 1 1 109
i1 0.000000 12.000000 16 1 1 109
i2 0.000000 12.000000 16 1 2 109
i2 0.000000 12.000000 15 1 2 109
i2 0.000000 12.000000 15 1 2 109
i2 0.000000 12.000000 16 1 2 109
i2 0.000000 12.000000 18 1 2 109
i2 0.000000 12.000000 19 1 2 109
i2 0.000000 12.000000 18 1 2 109
i2 0.000000 12.000000 16 1 2 109
i1 0.000000 12.000000 14 1 1 112
i1 0.000000 12.000000 15 1 1 112
i1 0.000000 12.000000 15 1 1 112
i1 0.000000 12.000000 15 1 1 112
i1 0.000000 12.000000 15 1 1 112
i1 0.000000 12.000000 15 1 1 112
i1 0.000000 12.000000 15 1 1 112
i1 0.000000 12.000000 14 1 1 112
i1 0.000000 12.000000 14 1 1 112
i1 0.000000 12.000000 13 1 1 112
i1 0.000000 12.000000 16 1 1 112
i1 0.000000 12.000000 16 1 1 112
i2 0.000000 12.000000 15 1 2 112
i2 0.000000 12.000000 15 1 2 112
i2 0.000000 12.000000 16 1 2 112
i2 0.000000 12.000000 17 1 2 112
i2 0.000000 12.000000 18 1 2 112
i2 0.000000 12.000000 17 1 2 112
i1 0.000000 12.000000 16 1 1 114
i1 0.000000 12.000000 16 1 1 114
i1 0.000000 12.000000 16 1 1 114
i1 0.000000 12.000000 16 1 1 114
i1 0.000000 12.000000 16 1 1 114
i1 0.000000 12.000000 16 1 1 114
i1 0.000000 12.000000 16 1 1 114
i1 0.000000 12.000000 16 1 1 114
i1 0.000000 12.000000 15 1 1 114
i1 0.000000 12.000000 15 1 1 114
i1 0.000000 12.000000 16 1 1 114
i1 0.000000 12.000000 16 1 1 114
i2 0.000000 12.000000 15 1 2 114
i2 0.000000 12.000000 16 1 2 114
i2 0.000000 12.000000 16 1 2 114
i2 0.000000 12.000000 17 1 2 114
i2 0.000000 12.000000 17 1 2 114
i1 0.000000 12.000000 16 1 1 117
i1 0.000000 12.000000 16 1 1 117
i1 0.000000 12.000000 17 1 1 117
i1 0.000000 12.000000 17 1 1 117
i1 0.000000 12.000000 17 1 1 117
i1 0.000000 12.000000 17 1 1 117
i1 0.000000 12.000000 17 1 1 117
i1 0.000000 12.000000 17 1 1 117
i1 0.000000 12.000000 16 1 1 117
i1 0.000000 12.000000 16 1 1 117
i2 0.000000 12.000000 16 1 2 117
i2 0.000000 12.000000 16 1 2 117
i2 0.000000 12.000000 17 1 2 117
i2 0.000000 12.000000 17 1 2 117
i2 0.000000 12.000000 16 1 2 117
i1 0.000000 12.000000 17 1 1 120
i1 0.000000 12.000000 17 1 1 120
i1 0.000000 12.000000 17 1 1 120
i1 0.000000 12.000000 18 1 1 120
i1 0.000000 12.000000 17 1 1 120
i1 0.000000 12.000000 17 1 1 120
i1 0.000000 12.000000 17 1 1 120
i1 0.000000 12.000000 16 1 1 120
i2 0.000000 12.000000 16 1 2 120
i2 0.000000 12.000000 17 1 2 120
i2 0.000000 12.000000 17 1 2 120
i2 0.000000 12.000000 17 1 2 120
i2 0.000000 12.000000 16 1 2 120
i1 0.000000 12.000000 17 1 1 122
i1 0.000000 12.000000 17 1 1 122
i1 0.000000 12.000000 18 1 1 122
i1 0.000000 12.000000 18 1 1 122
i1 0.000000 12.000000 18 1 1 122
i1 0.000000 12.000000 17 1 1 122
i1 0.000000 12.000000 17 1 1 122
i2 0.000000 12.000000 16 1 2 122
i2 0.000000 12.000000 17 1 2 122
i2 0.000000 12.000000 17 1 2 122
i2 0.000000 12.000000 16 1 2 122
i1 0.000000 12.000000 17 1 1 125
i1 0.000000 12.000000 17 1 1 125
i1 0.000000 12.000000 17 1 1 125
i1 0.000000 12.000000 17 1 1 125
i1 0.000000 12.000000 17 1 1 125
i1 0.000000 12.000000 16 1 1 125
i2 0.000000 12.000000 16 1 2 125

</CsScore>
</CsoundSynthesizer>
