; James Keary - FROM THE HEADER FILE!
; General Midi Testing File - Write out Midi files for loading into a DAW, 
; can open output midi file (located in your username file) in Sibelius, 
; Finale, and Logic.  If opening in Finale, make sure to check the box 
; \"Channels Become Staves\" under import midi file options, so that the 
; channels will be split into different instruments. 
<CsoundSynthesizer>
<CsOptions>
-t60 -g -d -m0 -n
; -m0 suppresses f-tables displaying in terminal, --nosound no sound files 
; written, just a midi file written to your username file. 
</CsOptions>
<CsInstruments>

sr		=	44100
ksmps	=	100
nchnls	=	2
0dbfs	= 	1

#include "../CsoundFiles/Chromatic.txt"
;
#include "../CsoundFiles/MIDI.txt"
;
giVelocities ftgen 0, 0, -8, -2, 87, 88, 89, 90, 91, 92, 93, 94

$MIDI(1)
$MIDI(2)
$MIDI(3)
$MIDI(4)

</CsInstruments>
<CsScore>
; p1 - instrument, p2 - start time, p3 - duration, p4 - note index, p5 - velocity, p6 - channel number p7 - pan (btwn 0 and 127, where 64 is dead center, 0 is hard left and 127 is hard right)
i1 0.000000 12.000000 18 1 1 0
i1 0.000000 12.000000 19 1 1 0
i1 0.000000 12.000000 19 1 1 0
i1 0.000000 12.000000 20 1 1 0
i1 0.000000 12.000000 12 1 1 1
i1 0.000000 12.000000 13 1 1 1
i1 0.000000 12.000000 13 1 1 1
i1 0.000000 12.000000 14 1 1 1
i1 0.000000 12.000000 14 1 1 1
i1 0.000000 12.000000 15 1 1 1
i1 0.000000 12.000000 15 1 1 1
i1 0.000000 12.000000 16 1 1 1
i1 0.000000 12.000000 17 1 1 1
i1 0.000000 12.000000 17 1 1 1
i1 0.000000 12.000000 18 1 1 1
i1 0.000000 12.000000 18 1 1 1
i1 0.000000 12.000000 19 1 1 1
i1 0.000000 12.000000 19 1 1 1
i1 0.000000 12.000000 20 1 1 1
i1 0.000000 12.000000 20 1 1 1
i1 0.000000 12.000000 21 1 1 1
i1 0.000000 12.000000 22 1 1 1
i1 0.000000 12.000000 10 1 1 3
i1 0.000000 12.000000 12 1 1 3
i1 0.000000 12.000000 12 1 1 3
i1 0.000000 12.000000 13 1 1 3
i1 0.000000 12.000000 13 1 1 3
i1 0.000000 12.000000 14 1 1 3
i1 0.000000 12.000000 14 1 1 3
i1 0.000000 12.000000 15 1 1 3
i1 0.000000 12.000000 15 1 1 3
i1 0.000000 12.000000 16 1 1 3
i1 0.000000 12.000000 17 1 1 3
i1 0.000000 12.000000 17 1 1 3
i1 0.000000 12.000000 18 1 1 3
i1 0.000000 12.000000 18 1 1 3
i1 0.000000 12.000000 19 1 1 3
i1 0.000000 12.000000 19 1 1 3
i1 0.000000 12.000000 20 1 1 3
i1 0.000000 12.000000 20 1 1 3
i1 0.000000 12.000000 21 1 1 3
i1 0.000000 12.000000 22 1 1 3
i1 0.000000 12.000000 22 1 1 3
i1 0.000000 12.000000 23 1 1 3
i1 0.000000 12.000000 23 1 1 3
i1 0.000000 12.000000 10 1 1 5
i1 0.000000 12.000000 12 1 1 5
i1 0.000000 12.000000 13 1 1 5
i1 0.000000 12.000000 13 1 1 5
i1 0.000000 12.000000 14 1 1 5
i1 0.000000 12.000000 14 1 1 5
i1 0.000000 12.000000 15 1 1 5
i1 0.000000 12.000000 15 1 1 5
i1 0.000000 12.000000 16 1 1 5
i1 0.000000 12.000000 17 1 1 5
i1 0.000000 12.000000 17 1 1 5
i1 0.000000 12.000000 18 1 1 5
i1 0.000000 12.000000 18 1 1 5
i1 0.000000 12.000000 19 1 1 5
i1 0.000000 12.000000 19 1 1 5
i1 0.000000 12.000000 20 1 1 5
i1 0.000000 12.000000 20 1 1 5
i1 0.000000 12.000000 21 1 1 5
i1 0.000000 12.000000 22 1 1 5
i1 0.000000 12.000000 22 1 1 5
i1 0.000000 12.000000 23 1 1 5
i1 0.000000 12.000000 23 1 1 5
i1 0.000000 12.000000 24 1 1 5
i1 0.000000 12.000000 24 1 1 5
i1 0.000000 12.000000 25 1 1 5
i1 0.000000 12.000000 13 1 1 7
i1 0.000000 12.000000 14 1 1 7
i1 0.000000 12.000000 14 1 1 7
i1 0.000000 12.000000 15 1 1 7
i1 0.000000 12.000000 15 1 1 7
i1 0.000000 12.000000 16 1 1 7
i1 0.000000 12.000000 17 1 1 7
i1 0.000000 12.000000 17 1 1 7
i1 0.000000 12.000000 18 1 1 7
i1 0.000000 12.000000 18 1 1 7
i1 0.000000 12.000000 19 1 1 7
i1 0.000000 12.000000 19 1 1 7
i1 0.000000 12.000000 20 1 1 7
i1 0.000000 12.000000 20 1 1 7
i1 0.000000 12.000000 21 1 1 7
i1 0.000000 12.000000 22 1 1 7
i1 0.000000 12.000000 22 1 1 7
i1 0.000000 12.000000 23 1 1 7
i1 0.000000 12.000000 23 1 1 7
i1 0.000000 12.000000 24 1 1 7
i1 0.000000 12.000000 24 1 1 7
i1 0.000000 12.000000 25 1 1 7
i1 0.000000 12.000000 25 1 1 7
i1 0.000000 12.000000 26 1 1 7
i1 0.000000 12.000000 27 1 1 7
i1 0.000000 12.000000 14 1 1 9
i1 0.000000 12.000000 14 1 1 9
i1 0.000000 12.000000 15 1 1 9
i1 0.000000 12.000000 15 1 1 9
i1 0.000000 12.000000 16 1 1 9
i1 0.000000 12.000000 17 1 1 9
i1 0.000000 12.000000 17 1 1 9
i1 0.000000 12.000000 18 1 1 9
i1 0.000000 12.000000 18 1 1 9
i1 0.000000 12.000000 19 1 1 9
i1 0.000000 12.000000 19 1 1 9
i1 0.000000 12.000000 20 1 1 9
i1 0.000000 12.000000 20 1 1 9
i1 0.000000 12.000000 21 1 1 9
i1 0.000000 12.000000 22 1 1 9
i1 0.000000 12.000000 22 1 1 9
i1 0.000000 12.000000 23 1 1 9
i1 0.000000 12.000000 23 1 1 9
i1 0.000000 12.000000 24 1 1 9
i1 0.000000 12.000000 24 1 1 9
i1 0.000000 12.000000 25 1 1 9
i1 0.000000 12.000000 25 1 1 9
i1 0.000000 12.000000 26 1 1 9
i1 0.000000 12.000000 27 1 1 9
i1 0.000000 12.000000 27 1 1 9
i1 0.000000 12.000000 28 1 1 9
i1 0.000000 12.000000 10 1 1 11
i1 0.000000 12.000000 11 1 1 11
i1 0.000000 12.000000 14 1 1 11
i1 0.000000 12.000000 14 1 1 11
i1 0.000000 12.000000 15 1 1 11
i1 0.000000 12.000000 15 1 1 11
i1 0.000000 12.000000 16 1 1 11
i1 0.000000 12.000000 17 1 1 11
i1 0.000000 12.000000 17 1 1 11
i1 0.000000 12.000000 18 1 1 11
i1 0.000000 12.000000 18 1 1 11
i1 0.000000 12.000000 19 1 1 11
i1 0.000000 12.000000 19 1 1 11
i1 0.000000 12.000000 20 1 1 11
i1 0.000000 12.000000 20 1 1 11
i2 0.000000 12.000000 21 1 2 11
i2 0.000000 12.000000 22 1 2 11
i1 0.000000 12.000000 22 1 1 11
i1 0.000000 12.000000 23 1 1 11
i1 0.000000 12.000000 23 1 1 11
i1 0.000000 12.000000 24 1 1 11
i1 0.000000 12.000000 24 1 1 11
i1 0.000000 12.000000 25 1 1 11
i1 0.000000 12.000000 25 1 1 11
i1 0.000000 12.000000 26 1 1 11
i1 0.000000 12.000000 27 1 1 11
i1 0.000000 12.000000 27 1 1 11
i1 0.000000 12.000000 28 1 1 11
i1 0.000000 12.000000 28 1 1 11
i1 0.000000 12.000000 10 1 1 13
i1 0.000000 12.000000 11 1 1 13
i1 0.000000 12.000000 14 1 1 13
i1 0.000000 12.000000 15 1 1 13
i1 0.000000 12.000000 15 1 1 13
i1 0.000000 12.000000 16 1 1 13
i1 0.000000 12.000000 17 1 1 13
i1 0.000000 12.000000 17 1 1 13
i1 0.000000 12.000000 18 1 1 13
i1 0.000000 12.000000 18 1 1 13
i1 0.000000 12.000000 19 1 1 13
i1 0.000000 12.000000 19 1 1 13
i1 0.000000 12.000000 20 1 1 13
i1 0.000000 12.000000 20 1 1 13
i2 0.000000 12.000000 21 1 2 13
i2 0.000000 12.000000 22 1 2 13
i2 0.000000 12.000000 22 1 2 13
i1 0.000000 12.000000 23 1 1 13
i1 0.000000 12.000000 23 1 1 13
i1 0.000000 12.000000 24 1 1 13
i2 0.000000 12.000000 24 1 2 13
i2 0.000000 12.000000 25 1 2 13
i2 0.000000 12.000000 25 1 2 13
i1 0.000000 12.000000 26 1 1 13
i1 0.000000 12.000000 27 1 1 13
i1 0.000000 12.000000 27 1 1 13
i1 0.000000 12.000000 28 1 1 13
i1 0.000000 12.000000 28 1 1 13
i1 0.000000 12.000000 29 1 1 13
i1 0.000000 12.000000 29 1 1 13
i1 0.000000 12.000000 5 1 1 15
i1 0.000000 12.000000 5 1 1 15
i1 0.000000 12.000000 10 1 1 15
i1 0.000000 12.000000 10 1 1 15
i1 0.000000 12.000000 11 1 1 15
i1 0.000000 12.000000 12 1 1 15
i1 0.000000 12.000000 13 1 1 15
i1 0.000000 12.000000 14 1 1 15
i1 0.000000 12.000000 15 1 1 15
i1 0.000000 12.000000 15 1 1 15
i1 0.000000 12.000000 16 1 1 15
i1 0.000000 12.000000 17 1 1 15
i1 0.000000 12.000000 17 1 1 15
i1 0.000000 12.000000 18 1 1 15
i1 0.000000 12.000000 18 1 1 15
i1 0.000000 12.000000 19 1 1 15
i1 0.000000 12.000000 19 1 1 15
i1 0.000000 12.000000 20 1 1 15
i1 0.000000 12.000000 20 1 1 15
i2 0.000000 12.000000 21 1 2 15
i2 0.000000 12.000000 22 1 2 15
i2 0.000000 12.000000 22 1 2 15
i2 0.000000 12.000000 23 1 2 15
i1 0.000000 12.000000 23 1 1 15
i1 0.000000 12.000000 24 1 1 15
i2 0.000000 12.000000 24 1 2 15
i2 0.000000 12.000000 25 1 2 15
i2 0.000000 12.000000 25 1 2 15
i1 0.000000 12.000000 26 1 1 15
i1 0.000000 12.000000 27 1 1 15
i1 0.000000 12.000000 27 1 1 15
i1 0.000000 12.000000 28 1 1 15
i1 0.000000 12.000000 28 1 1 15
i1 0.000000 12.000000 29 1 1 15
i1 0.000000 12.000000 29 1 1 15
i1 0.000000 12.000000 30 1 1 15
i1 0.000000 12.000000 4 1 1 17
i1 0.000000 12.000000 4 1 1 17
i1 0.000000 12.000000 5 1 1 17
i1 0.000000 12.000000 5 1 1 17
i1 0.000000 12.000000 7 1 1 17
i1 0.000000 12.000000 8 1 1 17
i1 0.000000 12.000000 8 1 1 17
i1 0.000000 12.000000 9 1 1 17
i1 0.000000 12.000000 9 1 1 17
i1 0.000000 12.000000 10 1 1 17
i1 0.000000 12.000000 10 1 1 17
i1 0.000000 12.000000 11 1 1 17
i1 0.000000 12.000000 12 1 1 17
i1 0.000000 12.000000 12 1 1 17
i1 0.000000 12.000000 13 1 1 17
i1 0.000000 12.000000 13 1 1 17
i1 0.000000 12.000000 14 1 1 17
i1 0.000000 12.000000 14 1 1 17
i1 0.000000 12.000000 15 1 1 17
i1 0.000000 12.000000 15 1 1 17
i1 0.000000 12.000000 16 1 1 17
i1 0.000000 12.000000 17 1 1 17
i1 0.000000 12.000000 17 1 1 17
i1 0.000000 12.000000 18 1 1 17
i1 0.000000 12.000000 18 1 1 17
i1 0.000000 12.000000 19 1 1 17
i1 0.000000 12.000000 19 1 1 17
i1 0.000000 12.000000 20 1 1 17
i1 0.000000 12.000000 20 1 1 17
i2 0.000000 12.000000 21 1 2 17
i2 0.000000 12.000000 22 1 2 17
i2 0.000000 12.000000 22 1 2 17
i2 0.000000 12.000000 23 1 2 17
i1 0.000000 12.000000 23 1 1 17
i1 0.000000 12.000000 24 1 1 17
i1 0.000000 12.000000 24 1 1 17
i1 0.000000 12.000000 25 1 1 17
i1 0.000000 12.000000 25 1 1 17
i1 0.000000 12.000000 26 1 1 17
i1 0.000000 12.000000 27 1 1 17
i1 0.000000 12.000000 27 1 1 17
i1 0.000000 12.000000 28 1 1 17
i1 0.000000 12.000000 28 1 1 17
i1 0.000000 12.000000 29 1 1 17
i1 0.000000 12.000000 29 1 1 17
i1 0.000000 12.000000 30 1 1 17
i1 0.000000 12.000000 30 1 1 17
i1 0.000000 12.000000 1 1 1 19
i1 0.000000 12.000000 4 1 1 19
i1 0.000000 12.000000 4 1 1 19
i1 0.000000 12.000000 5 1 1 19
i1 0.000000 12.000000 5 1 1 19
i1 0.000000 12.000000 7 1 1 19
i1 0.000000 12.000000 7 1 1 19
i1 0.000000 12.000000 8 1 1 19
i1 0.000000 12.000000 8 1 1 19
i1 0.000000 12.000000 9 1 1 19
i1 0.000000 12.000000 9 1 1 19
i1 0.000000 12.000000 11 1 1 19
i1 0.000000 12.000000 12 1 1 19
i1 0.000000 12.000000 12 1 1 19
i1 0.000000 12.000000 13 1 1 19
i1 0.000000 12.000000 13 1 1 19
i1 0.000000 12.000000 14 1 1 19
i1 0.000000 12.000000 14 1 1 19
i1 0.000000 12.000000 15 1 1 19
i1 0.000000 12.000000 15 1 1 19
i1 0.000000 12.000000 16 1 1 19
i1 0.000000 12.000000 17 1 1 19
i1 0.000000 12.000000 17 1 1 19
i1 0.000000 12.000000 18 1 1 19
i1 0.000000 12.000000 18 1 1 19
i1 0.000000 12.000000 19 1 1 19
i1 0.000000 12.000000 19 1 1 19
i1 0.000000 12.000000 20 1 1 19
i1 0.000000 12.000000 20 1 1 19
i2 0.000000 12.000000 21 1 2 19
i2 0.000000 12.000000 22 1 2 19
i2 0.000000 12.000000 22 1 2 19
i2 0.000000 12.000000 23 1 2 19
i1 0.000000 12.000000 23 1 1 19
i1 0.000000 12.000000 24 1 1 19
i1 0.000000 12.000000 24 1 1 19
i1 0.000000 12.000000 25 1 1 19
i1 0.000000 12.000000 25 1 1 19
i1 0.000000 12.000000 26 1 1 19
i1 0.000000 12.000000 27 1 1 19
i1 0.000000 12.000000 27 1 1 19
i1 0.000000 12.000000 28 1 1 19
i1 0.000000 12.000000 28 1 1 19
i1 0.000000 12.000000 29 1 1 19
i1 0.000000 12.000000 29 1 1 19
i2 0.000000 12.000000 30 1 2 19
i1 0.000000 12.000000 30 1 1 19
i1 0.000000 12.000000 31 1 1 19
i1 0.000000 12.000000 1 1 1 21
i1 0.000000 12.000000 2 1 1 21
i1 0.000000 12.000000 4 1 1 21
i1 0.000000 12.000000 5 1 1 21
i1 0.000000 12.000000 5 1 1 21
i1 0.000000 12.000000 7 1 1 21
i1 0.000000 12.000000 7 1 1 21
i1 0.000000 12.000000 8 1 1 21
i1 0.000000 12.000000 8 1 1 21
i1 0.000000 12.000000 9 1 1 21
i1 0.000000 12.000000 12 1 1 21
i1 0.000000 12.000000 12 1 1 21
i1 0.000000 12.000000 13 1 1 21
i1 0.000000 12.000000 13 1 1 21
i1 0.000000 12.000000 14 1 1 21
i1 0.000000 12.000000 14 1 1 21
i1 0.000000 12.000000 15 1 1 21
i1 0.000000 12.000000 15 1 1 21
i1 0.000000 12.000000 16 1 1 21
i1 0.000000 12.000000 17 1 1 21
i1 0.000000 12.000000 17 1 1 21
i1 0.000000 12.000000 18 1 1 21
i1 0.000000 12.000000 18 1 1 21
i1 0.000000 12.000000 19 1 1 21
i1 0.000000 12.000000 19 1 1 21
i1 0.000000 12.000000 20 1 1 21
i1 0.000000 12.000000 20 1 1 21
i1 0.000000 12.000000 21 1 1 21
i1 0.000000 12.000000 22 1 1 21
i1 0.000000 12.000000 22 1 1 21
i1 0.000000 12.000000 23 1 1 21
i1 0.000000 12.000000 23 1 1 21
i1 0.000000 12.000000 24 1 1 21
i1 0.000000 12.000000 24 1 1 21
i1 0.000000 12.000000 25 1 1 21
i1 0.000000 12.000000 25 1 1 21
i1 0.000000 12.000000 26 1 1 21
i1 0.000000 12.000000 27 1 1 21
i1 0.000000 12.000000 27 1 1 21
i1 0.000000 12.000000 28 1 1 21
i1 0.000000 12.000000 28 1 1 21
i1 0.000000 12.000000 29 1 1 21
i1 0.000000 12.000000 29 1 1 21
i2 0.000000 12.000000 30 1 2 21
i2 0.000000 12.000000 30 1 2 21
i1 0.000000 12.000000 31 1 1 21
i1 0.000000 12.000000 32 1 1 21
i1 0.000000 12.000000 1 1 1 23
i1 0.000000 12.000000 2 1 1 23
i1 0.000000 12.000000 2 1 1 23
i1 0.000000 12.000000 3 1 1 23
i1 0.000000 12.000000 5 1 1 23
i1 0.000000 12.000000 6 1 1 23
i1 0.000000 12.000000 7 1 1 23
i1 0.000000 12.000000 7 1 1 23
i1 0.000000 12.000000 8 1 1 23
i1 0.000000 12.000000 8 1 1 23
i1 0.000000 12.000000 9 1 1 23
i1 0.000000 12.000000 12 1 1 23
i1 0.000000 12.000000 13 1 1 23
i1 0.000000 12.000000 13 1 1 23
i1 0.000000 12.000000 14 1 1 23
i1 0.000000 12.000000 14 1 1 23
i1 0.000000 12.000000 15 1 1 23
i1 0.000000 12.000000 15 1 1 23
i1 0.000000 12.000000 16 1 1 23
i1 0.000000 12.000000 17 1 1 23
i1 0.000000 12.000000 17 1 1 23
i1 0.000000 12.000000 18 1 1 23
i1 0.000000 12.000000 18 1 1 23
i1 0.000000 12.000000 19 1 1 23
i1 0.000000 12.000000 19 1 1 23
i1 0.000000 12.000000 20 1 1 23
i1 0.000000 12.000000 20 1 1 23
i1 0.000000 12.000000 21 1 1 23
i1 0.000000 12.000000 22 1 1 23
i1 0.000000 12.000000 22 1 1 23
i1 0.000000 12.000000 23 1 1 23
i1 0.000000 12.000000 23 1 1 23
i1 0.000000 12.000000 24 1 1 23
i1 0.000000 12.000000 24 1 1 23
i1 0.000000 12.000000 25 1 1 23
i1 0.000000 12.000000 25 1 1 23
i1 0.000000 12.000000 26 1 1 23
i1 0.000000 12.000000 27 1 1 23
i1 0.000000 12.000000 27 1 1 23
i1 0.000000 12.000000 28 1 1 23
i1 0.000000 12.000000 28 1 1 23
i1 0.000000 12.000000 29 1 1 23
i1 0.000000 12.000000 29 1 1 23
i2 0.000000 12.000000 30 1 2 23
i2 0.000000 12.000000 30 1 2 23
i2 0.000000 12.000000 31 1 2 23
i1 0.000000 12.000000 32 1 1 23
i1 0.000000 12.000000 32 1 1 23
i1 0.000000 12.000000 33 1 1 23
i1 0.000000 12.000000 2 1 1 25
i1 0.000000 12.000000 2 1 1 25
i1 0.000000 12.000000 3 1 1 25
i1 0.000000 12.000000 5 1 1 25
i1 0.000000 12.000000 6 1 1 25
i1 0.000000 12.000000 7 1 1 25
i1 0.000000 12.000000 7 1 1 25
i1 0.000000 12.000000 8 1 1 25
i1 0.000000 12.000000 8 1 1 25
i1 0.000000 12.000000 13 1 1 25
i1 0.000000 12.000000 13 1 1 25
i1 0.000000 12.000000 14 1 1 25
i1 0.000000 12.000000 14 1 1 25
i1 0.000000 12.000000 15 1 1 25
i1 0.000000 12.000000 15 1 1 25
i1 0.000000 12.000000 16 1 1 25
i1 0.000000 12.000000 17 1 1 25
i1 0.000000 12.000000 17 1 1 25
i1 0.000000 12.000000 18 1 1 25
i1 0.000000 12.000000 18 1 1 25
i1 0.000000 12.000000 19 1 1 25
i1 0.000000 12.000000 19 1 1 25
i1 0.000000 12.000000 20 1 1 25
i1 0.000000 12.000000 20 1 1 25
i1 0.000000 12.000000 21 1 1 25
i1 0.000000 12.000000 22 1 1 25
i1 0.000000 12.000000 22 1 1 25
i1 0.000000 12.000000 23 1 1 25
i1 0.000000 12.000000 23 1 1 25
i1 0.000000 12.000000 24 1 1 25
i1 0.000000 12.000000 24 1 1 25
i1 0.000000 12.000000 25 1 1 25
i1 0.000000 12.000000 27 1 1 25
i1 0.000000 12.000000 27 1 1 25
i1 0.000000 12.000000 28 1 1 25
i1 0.000000 12.000000 28 1 1 25
i1 0.000000 12.000000 29 1 1 25
i2 0.000000 12.000000 29 1 2 25
i2 0.000000 12.000000 30 1 2 25
i2 0.000000 12.000000 30 1 2 25
i2 0.000000 12.000000 31 1 2 25
i2 0.000000 12.000000 32 1 2 25
i1 0.000000 12.000000 32 1 1 25
i1 0.000000 12.000000 33 1 1 25
i1 0.000000 12.000000 33 1 1 25
i1 0.000000 12.000000 2 1 1 27
i1 0.000000 12.000000 2 1 1 27
i1 0.000000 12.000000 3 1 1 27
i1 0.000000 12.000000 5 1 1 27
i1 0.000000 12.000000 6 1 1 27
i1 0.000000 12.000000 7 1 1 27
i1 0.000000 12.000000 7 1 1 27
i1 0.000000 12.000000 13 1 1 27
i1 0.000000 12.000000 13 1 1 27
i1 0.000000 12.000000 14 1 1 27
i1 0.000000 12.000000 14 1 1 27
i1 0.000000 12.000000 15 1 1 27
i1 0.000000 12.000000 15 1 1 27
i1 0.000000 12.000000 16 1 1 27
i1 0.000000 12.000000 17 1 1 27
i1 0.000000 12.000000 17 1 1 27
i1 0.000000 12.000000 18 1 1 27
i1 0.000000 12.000000 18 1 1 27
i1 0.000000 12.000000 19 1 1 27
i1 0.000000 12.000000 19 1 1 27
i1 0.000000 12.000000 20 1 1 27
i1 0.000000 12.000000 20 1 1 27
i1 0.000000 12.000000 21 1 1 27
i1 0.000000 12.000000 22 1 1 27
i1 0.000000 12.000000 22 1 1 27
i1 0.000000 12.000000 23 1 1 27
i1 0.000000 12.000000 23 1 1 27
i1 0.000000 12.000000 24 1 1 27
i1 0.000000 12.000000 24 1 1 27
i1 0.000000 12.000000 28 1 1 27
i1 0.000000 12.000000 28 1 1 27
i1 0.000000 12.000000 29 1 1 27
i2 0.000000 12.000000 29 1 2 27
i2 0.000000 12.000000 30 1 2 27
i2 0.000000 12.000000 30 1 2 27
i2 0.000000 12.000000 31 1 2 27
i2 0.000000 12.000000 32 1 2 27
i2 0.000000 12.000000 32 1 2 27
i1 0.000000 12.000000 33 1 1 27
i1 0.000000 12.000000 33 1 1 27
i1 0.000000 12.000000 34 1 1 27
i1 0.000000 12.000000 2 1 1 29
i1 0.000000 12.000000 3 1 1 29
i1 0.000000 12.000000 5 1 1 29
i1 0.000000 12.000000 6 1 1 29
i1 0.000000 12.000000 7 1 1 29
i1 0.000000 12.000000 13 1 1 29
i1 0.000000 12.000000 13 1 1 29
i1 0.000000 12.000000 14 1 1 29
i1 0.000000 12.000000 14 1 1 29
i1 0.000000 12.000000 15 1 1 29
i1 0.000000 12.000000 15 1 1 29
i1 0.000000 12.000000 16 1 1 29
i1 0.000000 12.000000 17 1 1 29
i1 0.000000 12.000000 17 1 1 29
i1 0.000000 12.000000 18 1 1 29
i1 0.000000 12.000000 18 1 1 29
i1 0.000000 12.000000 19 1 1 29
i1 0.000000 12.000000 19 1 1 29
i1 0.000000 12.000000 20 1 1 29
i1 0.000000 12.000000 20 1 1 29
i1 0.000000 12.000000 21 1 1 29
i1 0.000000 12.000000 22 1 1 29
i1 0.000000 12.000000 22 1 1 29
i1 0.000000 12.000000 23 1 1 29
i1 0.000000 12.000000 23 1 1 29
i1 0.000000 12.000000 24 1 1 29
i1 0.000000 12.000000 28 1 1 29
i1 0.000000 12.000000 29 1 1 29
i1 0.000000 12.000000 29 1 1 29
i2 0.000000 12.000000 30 1 2 29
i2 0.000000 12.000000 30 1 2 29
i2 0.000000 12.000000 31 1 2 29
i2 0.000000 12.000000 32 1 2 29
i2 0.000000 12.000000 32 1 2 29
i2 0.000000 12.000000 33 1 2 29
i1 0.000000 12.000000 33 1 1 29
i1 0.000000 12.000000 34 1 1 29
i1 0.000000 12.000000 34 1 1 29
i1 0.000000 12.000000 5 1 1 31
i1 0.000000 12.000000 6 1 1 31
i1 0.000000 12.000000 7 1 1 31
i1 0.000000 12.000000 13 1 1 31
i1 0.000000 12.000000 13 1 1 31
i1 0.000000 12.000000 14 1 1 31
i1 0.000000 12.000000 14 1 1 31
i1 0.000000 12.000000 15 1 1 31
i1 0.000000 12.000000 15 1 1 31
i1 0.000000 12.000000 16 1 1 31
i1 0.000000 12.000000 17 1 1 31
i1 0.000000 12.000000 17 1 1 31
i1 0.000000 12.000000 18 1 1 31
i1 0.000000 12.000000 18 1 1 31
i1 0.000000 12.000000 19 1 1 31
i1 0.000000 12.000000 19 1 1 31
i1 0.000000 12.000000 20 1 1 31
i1 0.000000 12.000000 20 1 1 31
i1 0.000000 12.000000 21 1 1 31
i1 0.000000 12.000000 22 1 1 31
i1 0.000000 12.000000 22 1 1 31
i1 0.000000 12.000000 23 1 1 31
i1 0.000000 12.000000 23 1 1 31
i1 0.000000 12.000000 24 1 1 31
i1 0.000000 12.000000 24 1 1 31
i1 0.000000 12.000000 28 1 1 31
i1 0.000000 12.000000 29 1 1 31
i1 0.000000 12.000000 29 1 1 31
i1 0.000000 12.000000 30 1 1 31
i1 0.000000 12.000000 30 1 1 31
i1 0.000000 12.000000 31 1 1 31
i2 0.000000 12.000000 32 1 2 31
i2 0.000000 12.000000 32 1 2 31
i1 0.000000 12.000000 33 1 1 31
i1 0.000000 12.000000 33 1 1 31
i1 0.000000 12.000000 34 1 1 31
i1 0.000000 12.000000 34 1 1 31
i1 0.000000 12.000000 2 1 1 33
i1 0.000000 12.000000 3 1 1 33
i1 0.000000 12.000000 5 1 1 33
i1 0.000000 12.000000 6 1 1 33
i1 0.000000 12.000000 7 1 1 33
i1 0.000000 12.000000 13 1 1 33
i1 0.000000 12.000000 13 1 1 33
i1 0.000000 12.000000 14 1 1 33
i1 0.000000 12.000000 14 1 1 33
i1 0.000000 12.000000 15 1 1 33
i1 0.000000 12.000000 15 1 1 33
i1 0.000000 12.000000 16 1 1 33
i1 0.000000 12.000000 17 1 1 33
i1 0.000000 12.000000 17 1 1 33
i1 0.000000 12.000000 18 1 1 33
i1 0.000000 12.000000 18 1 1 33
i1 0.000000 12.000000 19 1 1 33
i1 0.000000 12.000000 19 1 1 33
i1 0.000000 12.000000 20 1 1 33
i1 0.000000 12.000000 20 1 1 33
i1 0.000000 12.000000 21 1 1 33
i1 0.000000 12.000000 22 1 1 33
i1 0.000000 12.000000 22 1 1 33
i1 0.000000 12.000000 23 1 1 33
i1 0.000000 12.000000 23 1 1 33
i1 0.000000 12.000000 24 1 1 33
i1 0.000000 12.000000 24 1 1 33
i1 0.000000 12.000000 25 1 1 33
i1 0.000000 12.000000 25 1 1 33
i1 0.000000 12.000000 26 1 1 33
i1 0.000000 12.000000 27 1 1 33
i1 0.000000 12.000000 27 1 1 33
i1 0.000000 12.000000 28 1 1 33
i1 0.000000 12.000000 29 1 1 33
i1 0.000000 12.000000 29 1 1 33
i1 0.000000 12.000000 30 1 1 33
i1 0.000000 12.000000 30 1 1 33
i1 0.000000 12.000000 31 1 1 33
i1 0.000000 12.000000 32 1 1 33
i1 0.000000 12.000000 32 1 1 33
i1 0.000000 12.000000 33 1 1 33
i1 0.000000 12.000000 33 1 1 33
i1 0.000000 12.000000 34 1 1 33
i1 0.000000 12.000000 34 1 1 33
i1 0.000000 12.000000 35 1 1 33
i1 0.000000 12.000000 2 1 1 35
i1 0.000000 12.000000 2 1 1 35
i1 0.000000 12.000000 3 1 1 35
i1 0.000000 12.000000 5 1 1 35
i1 0.000000 12.000000 13 1 1 35
i1 0.000000 12.000000 14 1 1 35
i1 0.000000 12.000000 14 1 1 35
i1 0.000000 12.000000 15 1 1 35
i1 0.000000 12.000000 15 1 1 35
i1 0.000000 12.000000 16 1 1 35
i1 0.000000 12.000000 17 1 1 35
i1 0.000000 12.000000 17 1 1 35
i1 0.000000 12.000000 18 1 1 35
i1 0.000000 12.000000 18 1 1 35
i1 0.000000 12.000000 19 1 1 35
i1 0.000000 12.000000 19 1 1 35
i1 0.000000 12.000000 20 1 1 35
i1 0.000000 12.000000 20 1 1 35
i1 0.000000 12.000000 21 1 1 35
i1 0.000000 12.000000 22 1 1 35
i1 0.000000 12.000000 22 1 1 35
i1 0.000000 12.000000 23 1 1 35
i1 0.000000 12.000000 23 1 1 35
i1 0.000000 12.000000 24 1 1 35
i1 0.000000 12.000000 24 1 1 35
i1 0.000000 12.000000 25 1 1 35
i1 0.000000 12.000000 25 1 1 35
i1 0.000000 12.000000 26 1 1 35
i1 0.000000 12.000000 27 1 1 35
i1 0.000000 12.000000 27 1 1 35
i1 0.000000 12.000000 28 1 1 35
i1 0.000000 12.000000 30 1 1 35
i1 0.000000 12.000000 30 1 1 35
i1 0.000000 12.000000 31 1 1 35
i1 0.000000 12.000000 32 1 1 35
i1 0.000000 12.000000 32 1 1 35
i1 0.000000 12.000000 33 1 1 35
i1 0.000000 12.000000 33 1 1 35
i1 0.000000 12.000000 34 1 1 35
i1 0.000000 12.000000 34 1 1 35
i1 0.000000 12.000000 35 1 1 35
i1 0.000000 12.000000 2 1 1 37
i1 0.000000 12.000000 13 1 1 37
i1 0.000000 12.000000 14 1 1 37
i1 0.000000 12.000000 14 1 1 37
i1 0.000000 12.000000 15 1 1 37
i1 0.000000 12.000000 15 1 1 37
i1 0.000000 12.000000 16 1 1 37
i1 0.000000 12.000000 17 1 1 37
i1 0.000000 12.000000 17 1 1 37
i1 0.000000 12.000000 18 1 1 37
i1 0.000000 12.000000 18 1 1 37
i1 0.000000 12.000000 19 1 1 37
i1 0.000000 12.000000 19 1 1 37
i1 0.000000 12.000000 20 1 1 37
i1 0.000000 12.000000 20 1 1 37
i1 0.000000 12.000000 21 1 1 37
i1 0.000000 12.000000 22 1 1 37
i1 0.000000 12.000000 22 1 1 37
i1 0.000000 12.000000 23 1 1 37
i1 0.000000 12.000000 23 1 1 37
i1 0.000000 12.000000 24 1 1 37
i1 0.000000 12.000000 24 1 1 37
i1 0.000000 12.000000 25 1 1 37
i1 0.000000 12.000000 25 1 1 37
i2 0.000000 12.000000 26 1 2 37
i2 0.000000 12.000000 27 1 2 37
i1 0.000000 12.000000 27 1 1 37
i1 0.000000 12.000000 28 1 1 37
i1 0.000000 12.000000 28 1 1 37
i1 0.000000 12.000000 30 1 1 37
i1 0.000000 12.000000 31 1 1 37
i1 0.000000 12.000000 32 1 1 37
i1 0.000000 12.000000 32 1 1 37
i1 0.000000 12.000000 33 1 1 37
i1 0.000000 12.000000 33 1 1 37
i1 0.000000 12.000000 34 1 1 37
i1 0.000000 12.000000 34 1 1 37
i1 0.000000 12.000000 35 1 1 37
i1 0.000000 12.000000 35 1 1 37
i1 0.000000 12.000000 14 1 1 39
i1 0.000000 12.000000 14 1 1 39
i1 0.000000 12.000000 15 1 1 39
i1 0.000000 12.000000 15 1 1 39
i1 0.000000 12.000000 16 1 1 39
i1 0.000000 12.000000 17 1 1 39
i1 0.000000 12.000000 17 1 1 39
i1 0.000000 12.000000 18 1 1 39
i1 0.000000 12.000000 18 1 1 39
i1 0.000000 12.000000 19 1 1 39
i1 0.000000 12.000000 19 1 1 39
i1 0.000000 12.000000 20 1 1 39
i1 0.000000 12.000000 20 1 1 39
i1 0.000000 12.000000 21 1 1 39
i1 0.000000 12.000000 22 1 1 39
i1 0.000000 12.000000 22 1 1 39
i1 0.000000 12.000000 23 1 1 39
i1 0.000000 12.000000 23 1 1 39
i1 0.000000 12.000000 24 1 1 39
i1 0.000000 12.000000 24 1 1 39
i1 0.000000 12.000000 25 1 1 39
i2 0.000000 12.000000 25 1 2 39
i2 0.000000 12.000000 26 1 2 39
i2 0.000000 12.000000 27 1 2 39
i2 0.000000 12.000000 27 1 2 39
i1 0.000000 12.000000 28 1 1 39
i1 0.000000 12.000000 28 1 1 39
i1 0.000000 12.000000 32 1 1 39
i1 0.000000 12.000000 33 1 1 39
i1 0.000000 12.000000 33 1 1 39
i1 0.000000 12.000000 34 1 1 39
i1 0.000000 12.000000 34 1 1 39
i1 0.000000 12.000000 35 1 1 39
i1 0.000000 12.000000 35 1 1 39
i1 0.000000 12.000000 14 1 1 41
i1 0.000000 12.000000 14 1 1 41
i1 0.000000 12.000000 15 1 1 41
i1 0.000000 12.000000 15 1 1 41
i1 0.000000 12.000000 16 1 1 41
i1 0.000000 12.000000 17 1 1 41
i1 0.000000 12.000000 17 1 1 41
i1 0.000000 12.000000 18 1 1 41
i1 0.000000 12.000000 18 1 1 41
i1 0.000000 12.000000 19 1 1 41
i1 0.000000 12.000000 19 1 1 41
i1 0.000000 12.000000 20 1 1 41
i1 0.000000 12.000000 20 1 1 41
i1 0.000000 12.000000 21 1 1 41
i1 0.000000 12.000000 22 1 1 41
i1 0.000000 12.000000 22 1 1 41
i1 0.000000 12.000000 23 1 1 41
i1 0.000000 12.000000 23 1 1 41
i1 0.000000 12.000000 24 1 1 41
i1 0.000000 12.000000 24 1 1 41
i2 0.000000 12.000000 25 1 2 41
i2 0.000000 12.000000 25 1 2 41
i2 0.000000 12.000000 26 1 2 41
i2 0.000000 12.000000 27 1 2 41
i2 0.000000 12.000000 27 1 2 41
i1 0.000000 12.000000 28 1 1 41
i1 0.000000 12.000000 28 1 1 41
i1 0.000000 12.000000 32 1 1 41
i1 0.000000 12.000000 33 1 1 41
i1 0.000000 12.000000 33 1 1 41
i1 0.000000 12.000000 34 1 1 41
i1 0.000000 12.000000 34 1 1 41
i1 0.000000 12.000000 35 1 1 41
i1 0.000000 12.000000 35 1 1 41
i1 0.000000 12.000000 14 1 1 43
i1 0.000000 12.000000 15 1 1 43
i1 0.000000 12.000000 15 1 1 43
i1 0.000000 12.000000 16 1 1 43
i1 0.000000 12.000000 17 1 1 43
i1 0.000000 12.000000 17 1 1 43
i1 0.000000 12.000000 18 1 1 43
i1 0.000000 12.000000 18 1 1 43
i1 0.000000 12.000000 19 1 1 43
i1 0.000000 12.000000 19 1 1 43
i1 0.000000 12.000000 20 1 1 43
i1 0.000000 12.000000 20 1 1 43
i1 0.000000 12.000000 21 1 1 43
i1 0.000000 12.000000 22 1 1 43
i1 0.000000 12.000000 22 1 1 43
i1 0.000000 12.000000 23 1 1 43
i1 0.000000 12.000000 23 1 1 43
i1 0.000000 12.000000 24 1 1 43
i1 0.000000 12.000000 24 1 1 43
i2 0.000000 12.000000 25 1 2 43
i2 0.000000 12.000000 25 1 2 43
i2 0.000000 12.000000 26 1 2 43
i2 0.000000 12.000000 27 1 2 43
i2 0.000000 12.000000 27 1 2 43
i1 0.000000 12.000000 28 1 1 43
i1 0.000000 12.000000 28 1 1 43
i1 0.000000 12.000000 31 1 1 43
i1 0.000000 12.000000 32 1 1 43
i1 0.000000 12.000000 32 1 1 43
i1 0.000000 12.000000 33 1 1 43
i1 0.000000 12.000000 33 1 1 43
i1 0.000000 12.000000 34 1 1 43
i1 0.000000 12.000000 34 1 1 43
i1 0.000000 12.000000 35 1 1 43
i1 0.000000 12.000000 35 1 1 43
i1 0.000000 12.000000 36 1 1 43
i1 0.000000 12.000000 14 1 1 45
i1 0.000000 12.000000 15 1 1 45
i1 0.000000 12.000000 15 1 1 45
i1 0.000000 12.000000 16 1 1 45
i1 0.000000 12.000000 17 1 1 45
i1 0.000000 12.000000 17 1 1 45
i1 0.000000 12.000000 18 1 1 45
i1 0.000000 12.000000 18 1 1 45
i1 0.000000 12.000000 19 1 1 45
i1 0.000000 12.000000 19 1 1 45
i1 0.000000 12.000000 20 1 1 45
i1 0.000000 12.000000 20 1 1 45
i1 0.000000 12.000000 21 1 1 45
i1 0.000000 12.000000 22 1 1 45
i1 0.000000 12.000000 22 1 1 45
i1 0.000000 12.000000 23 1 1 45
i1 0.000000 12.000000 23 1 1 45
i1 0.000000 12.000000 24 1 1 45
i1 0.000000 12.000000 24 1 1 45
i2 0.000000 12.000000 25 1 2 45
i2 0.000000 12.000000 25 1 2 45
i2 0.000000 12.000000 26 1 2 45
i2 0.000000 12.000000 27 1 2 45
i2 0.000000 12.000000 27 1 2 45
i1 0.000000 12.000000 28 1 1 45
i1 0.000000 12.000000 28 1 1 45
i1 0.000000 12.000000 31 1 1 45
i1 0.000000 12.000000 32 1 1 45
i1 0.000000 12.000000 32 1 1 45
i1 0.000000 12.000000 33 1 1 45
i2 0.000000 12.000000 33 1 2 45
i2 0.000000 12.000000 34 1 2 45
i2 0.000000 12.000000 34 1 2 45
i2 0.000000 12.000000 35 1 2 45
i1 0.000000 12.000000 35 1 1 45
i1 0.000000 12.000000 36 1 1 45
i1 0.000000 12.000000 15 1 1 47
i1 0.000000 12.000000 15 1 1 47
i1 0.000000 12.000000 16 1 1 47
i1 0.000000 12.000000 17 1 1 47
i1 0.000000 12.000000 17 1 1 47
i1 0.000000 12.000000 18 1 1 47
i1 0.000000 12.000000 18 1 1 47
i1 0.000000 12.000000 19 1 1 47
i1 0.000000 12.000000 19 1 1 47
i1 0.000000 12.000000 20 1 1 47
i1 0.000000 12.000000 20 1 1 47
i1 0.000000 12.000000 21 1 1 47
i1 0.000000 12.000000 22 1 1 47
i1 0.000000 12.000000 22 1 1 47
i1 0.000000 12.000000 23 1 1 47
i1 0.000000 12.000000 23 1 1 47
i1 0.000000 12.000000 24 1 1 47
i1 0.000000 12.000000 24 1 1 47
i2 0.000000 12.000000 25 1 2 47
i2 0.000000 12.000000 25 1 2 47
i1 0.000000 12.000000 26 1 1 47
i1 0.000000 12.000000 27 1 1 47
i1 0.000000 12.000000 27 1 1 47
i1 0.000000 12.000000 28 1 1 47
i1 0.000000 12.000000 28 1 1 47
i1 0.000000 12.000000 30 1 1 47
i1 0.000000 12.000000 31 1 1 47
i1 0.000000 12.000000 32 1 1 47
i1 0.000000 12.000000 32 1 1 47
i2 0.000000 12.000000 33 1 2 47
i2 0.000000 12.000000 33 1 2 47
i2 0.000000 12.000000 34 1 2 47
i2 0.000000 12.000000 34 1 2 47
i2 0.000000 12.000000 35 1 2 47
i2 0.000000 12.000000 35 1 2 47
i1 0.000000 12.000000 36 1 1 47
i1 0.000000 12.000000 15 1 1 49
i1 0.000000 12.000000 15 1 1 49
i1 0.000000 12.000000 16 1 1 49
i1 0.000000 12.000000 17 1 1 49
i1 0.000000 12.000000 17 1 1 49
i1 0.000000 12.000000 18 1 1 49
i1 0.000000 12.000000 18 1 1 49
i1 0.000000 12.000000 19 1 1 49
i1 0.000000 12.000000 19 1 1 49
i1 0.000000 12.000000 20 1 1 49
i1 0.000000 12.000000 20 1 1 49
i1 0.000000 12.000000 21 1 1 49
i1 0.000000 12.000000 22 1 1 49
i1 0.000000 12.000000 22 1 1 49
i1 0.000000 12.000000 23 1 1 49
i1 0.000000 12.000000 23 1 1 49
i1 0.000000 12.000000 24 1 1 49
i1 0.000000 12.000000 24 1 1 49
i1 0.000000 12.000000 25 1 1 49
i1 0.000000 12.000000 25 1 1 49
i1 0.000000 12.000000 26 1 1 49
i1 0.000000 12.000000 27 1 1 49
i1 0.000000 12.000000 27 1 1 49
i1 0.000000 12.000000 28 1 1 49
i1 0.000000 12.000000 28 1 1 49
i1 0.000000 12.000000 29 1 1 49
i1 0.000000 12.000000 29 1 1 49
i1 0.000000 12.000000 30 1 1 49
i1 0.000000 12.000000 30 1 1 49
i1 0.000000 12.000000 31 1 1 49
i1 0.000000 12.000000 32 1 1 49
i1 0.000000 12.000000 32 1 1 49
i2 0.000000 12.000000 33 1 2 49
i2 0.000000 12.000000 33 1 2 49
i2 0.000000 12.000000 34 1 2 49
i2 0.000000 12.000000 34 1 2 49
i2 0.000000 12.000000 35 1 2 49
i2 0.000000 12.000000 35 1 2 49
i1 0.000000 12.000000 36 1 1 49
i1 0.000000 12.000000 15 1 1 51
i1 0.000000 12.000000 16 1 1 51
i1 0.000000 12.000000 17 1 1 51
i1 0.000000 12.000000 17 1 1 51
i1 0.000000 12.000000 18 1 1 51
i1 0.000000 12.000000 18 1 1 51
i1 0.000000 12.000000 19 1 1 51
i1 0.000000 12.000000 19 1 1 51
i1 0.000000 12.000000 20 1 1 51
i1 0.000000 12.000000 20 1 1 51
i1 0.000000 12.000000 21 1 1 51
i1 0.000000 12.000000 22 1 1 51
i1 0.000000 12.000000 22 1 1 51
i1 0.000000 12.000000 23 1 1 51
i1 0.000000 12.000000 23 1 1 51
i1 0.000000 12.000000 24 1 1 51
i1 0.000000 12.000000 24 1 1 51
i1 0.000000 12.000000 25 1 1 51
i1 0.000000 12.000000 25 1 1 51
i1 0.000000 12.000000 26 1 1 51
i1 0.000000 12.000000 27 1 1 51
i1 0.000000 12.000000 27 1 1 51
i1 0.000000 12.000000 28 1 1 51
i1 0.000000 12.000000 28 1 1 51
i1 0.000000 12.000000 29 1 1 51
i1 0.000000 12.000000 29 1 1 51
i1 0.000000 12.000000 30 1 1 51
i1 0.000000 12.000000 30 1 1 51
i1 0.000000 12.000000 31 1 1 51
i1 0.000000 12.000000 32 1 1 51
i2 0.000000 12.000000 32 1 2 51
i2 0.000000 12.000000 33 1 2 51
i2 0.000000 12.000000 33 1 2 51
i2 0.000000 12.000000 34 1 2 51
i2 0.000000 12.000000 34 1 2 51
i2 0.000000 12.000000 35 1 2 51
i1 0.000000 12.000000 35 1 1 51
i1 0.000000 12.000000 36 1 1 51
i1 0.000000 12.000000 16 1 1 53
i1 0.000000 12.000000 17 1 1 53
i1 0.000000 12.000000 17 1 1 53
i1 0.000000 12.000000 18 1 1 53
i1 0.000000 12.000000 18 1 1 53
i1 0.000000 12.000000 19 1 1 53
i1 0.000000 12.000000 19 1 1 53
i1 0.000000 12.000000 20 1 1 53
i1 0.000000 12.000000 20 1 1 53
i1 0.000000 12.000000 21 1 1 53
i1 0.000000 12.000000 22 1 1 53
i1 0.000000 12.000000 22 1 1 53
i1 0.000000 12.000000 23 1 1 53
i1 0.000000 12.000000 23 1 1 53
i1 0.000000 12.000000 24 1 1 53
i1 0.000000 12.000000 24 1 1 53
i1 0.000000 12.000000 25 1 1 53
i2 0.000000 12.000000 25 1 2 53
i2 0.000000 12.000000 26 1 2 53
i1 0.000000 12.000000 27 1 1 53
i1 0.000000 12.000000 27 1 1 53
i1 0.000000 12.000000 28 1 1 53
i1 0.000000 12.000000 28 1 1 53
i1 0.000000 12.000000 29 1 1 53
i1 0.000000 12.000000 29 1 1 53
i1 0.000000 12.000000 30 1 1 53
i1 0.000000 12.000000 30 1 1 53
i2 0.000000 12.000000 31 1 2 53
i2 0.000000 12.000000 32 1 2 53
i2 0.000000 12.000000 32 1 2 53
i2 0.000000 12.000000 33 1 2 53
i2 0.000000 12.000000 33 1 2 53
i2 0.000000 12.000000 34 1 2 53
i2 0.000000 12.000000 34 1 2 53
i1 0.000000 12.000000 35 1 1 53
i1 0.000000 12.000000 35 1 1 53
i1 0.000000 12.000000 36 1 1 53
i1 0.000000 12.000000 16 1 1 55
i1 0.000000 12.000000 17 1 1 55
i1 0.000000 12.000000 17 1 1 55
i1 0.000000 12.000000 18 1 1 55
i1 0.000000 12.000000 18 1 1 55
i1 0.000000 12.000000 19 1 1 55
i1 0.000000 12.000000 19 1 1 55
i1 0.000000 12.000000 20 1 1 55
i1 0.000000 12.000000 20 1 1 55
i1 0.000000 12.000000 21 1 1 55
i1 0.000000 12.000000 22 1 1 55
i1 0.000000 12.000000 22 1 1 55
i1 0.000000 12.000000 23 1 1 55
i1 0.000000 12.000000 23 1 1 55
i1 0.000000 12.000000 24 1 1 55
i1 0.000000 12.000000 24 1 1 55
i1 0.000000 12.000000 25 1 1 55
i2 0.000000 12.000000 25 1 2 55
i2 0.000000 12.000000 26 1 2 55
i1 0.000000 12.000000 27 1 1 55
i1 0.000000 12.000000 27 1 1 55
i1 0.000000 12.000000 28 1 1 55
i1 0.000000 12.000000 28 1 1 55
i1 0.000000 12.000000 29 1 1 55
i1 0.000000 12.000000 29 1 1 55
i1 0.000000 12.000000 30 1 1 55
i2 0.000000 12.000000 30 1 2 55
i2 0.000000 12.000000 31 1 2 55
i2 0.000000 12.000000 32 1 2 55
i2 0.000000 12.000000 32 1 2 55
i2 0.000000 12.000000 33 1 2 55
i2 0.000000 12.000000 33 1 2 55
i2 0.000000 12.000000 34 1 2 55
i1 0.000000 12.000000 34 1 1 55
i1 0.000000 12.000000 35 1 1 55
i1 0.000000 12.000000 35 1 1 55
i1 0.000000 12.000000 18 1 1 57
i1 0.000000 12.000000 18 1 1 57
i1 0.000000 12.000000 19 1 1 57
i1 0.000000 12.000000 19 1 1 57
i1 0.000000 12.000000 20 1 1 57
i1 0.000000 12.000000 20 1 1 57
i1 0.000000 12.000000 21 1 1 57
i1 0.000000 12.000000 22 1 1 57
i1 0.000000 12.000000 22 1 1 57
i1 0.000000 12.000000 23 1 1 57
i1 0.000000 12.000000 23 1 1 57
i1 0.000000 12.000000 24 1 1 57
i1 0.000000 12.000000 24 1 1 57
i1 0.000000 12.000000 25 1 1 57
i1 0.000000 12.000000 25 1 1 57
i2 0.000000 12.000000 26 1 2 57
i2 0.000000 12.000000 27 1 2 57
i1 0.000000 12.000000 27 1 1 57
i1 0.000000 12.000000 28 1 1 57
i1 0.000000 12.000000 28 1 1 57
i1 0.000000 12.000000 29 1 1 57
i1 0.000000 12.000000 29 1 1 57
i1 0.000000 12.000000 30 1 1 57
i2 0.000000 12.000000 30 1 2 57
i2 0.000000 12.000000 31 1 2 57
i2 0.000000 12.000000 32 1 2 57
i2 0.000000 12.000000 32 1 2 57
i2 0.000000 12.000000 33 1 2 57
i2 0.000000 12.000000 33 1 2 57
i2 0.000000 12.000000 34 1 2 57
i1 0.000000 12.000000 34 1 1 57
i1 0.000000 12.000000 35 1 1 57
i1 0.000000 12.000000 18 1 1 59
i1 0.000000 12.000000 18 1 1 59
i1 0.000000 12.000000 19 1 1 59
i1 0.000000 12.000000 19 1 1 59
i1 0.000000 12.000000 20 1 1 59
i1 0.000000 12.000000 20 1 1 59
i1 0.000000 12.000000 21 1 1 59
i1 0.000000 12.000000 22 1 1 59
i1 0.000000 12.000000 22 1 1 59
i1 0.000000 12.000000 23 1 1 59
i1 0.000000 12.000000 23 1 1 59
i1 0.000000 12.000000 24 1 1 59
i1 0.000000 12.000000 25 1 1 59
i1 0.000000 12.000000 25 1 1 59
i1 0.000000 12.000000 26 1 1 59
i2 0.000000 12.000000 27 1 2 59
i2 0.000000 12.000000 27 1 2 59
i1 0.000000 12.000000 28 1 1 59
i1 0.000000 12.000000 28 1 1 59
i2 0.000000 12.000000 29 1 2 59
i2 0.000000 12.000000 29 1 2 59
i2 0.000000 12.000000 30 1 2 59
i2 0.000000 12.000000 30 1 2 59
i2 0.000000 12.000000 31 1 2 59
i2 0.000000 12.000000 32 1 2 59
i3 0.000000 12.000000 32 1 3 59
i3 0.000000 12.000000 33 1 3 59
i3 0.000000 12.000000 33 1 3 59
i2 0.000000 12.000000 34 1 2 59
i1 0.000000 12.000000 34 1 1 59
i1 0.000000 12.000000 35 1 1 59
i1 0.000000 12.000000 14 1 1 61
i1 0.000000 12.000000 14 1 1 61
i1 0.000000 12.000000 18 1 1 61
i1 0.000000 12.000000 19 1 1 61
i1 0.000000 12.000000 19 1 1 61
i1 0.000000 12.000000 20 1 1 61
i1 0.000000 12.000000 20 1 1 61
i1 0.000000 12.000000 21 1 1 61
i1 0.000000 12.000000 22 1 1 61
i1 0.000000 12.000000 22 1 1 61
i1 0.000000 12.000000 23 1 1 61
i1 0.000000 12.000000 25 1 1 61
i1 0.000000 12.000000 25 1 1 61
i1 0.000000 12.000000 26 1 1 61
i2 0.000000 12.000000 27 1 2 61
i2 0.000000 12.000000 27 1 2 61
i2 0.000000 12.000000 28 1 2 61
i2 0.000000 12.000000 28 1 2 61
i2 0.000000 12.000000 29 1 2 61
i2 0.000000 12.000000 29 1 2 61
i2 0.000000 12.000000 30 1 2 61
i2 0.000000 12.000000 30 1 2 61
i2 0.000000 12.000000 31 1 2 61
i3 0.000000 12.000000 32 1 3 61
i3 0.000000 12.000000 32 1 3 61
i3 0.000000 12.000000 33 1 3 61
i3 0.000000 12.000000 33 1 3 61
i2 0.000000 12.000000 34 1 2 61
i1 0.000000 12.000000 34 1 1 61
i1 0.000000 12.000000 35 1 1 61
i1 0.000000 12.000000 13 1 1 63
i1 0.000000 12.000000 14 1 1 63
i1 0.000000 12.000000 14 1 1 63
i1 0.000000 12.000000 18 1 1 63
i1 0.000000 12.000000 19 1 1 63
i1 0.000000 12.000000 19 1 1 63
i1 0.000000 12.000000 20 1 1 63
i1 0.000000 12.000000 20 1 1 63
i1 0.000000 12.000000 21 1 1 63
i1 0.000000 12.000000 22 1 1 63
i1 0.000000 12.000000 22 1 1 63
i1 0.000000 12.000000 23 1 1 63
i1 0.000000 12.000000 25 1 1 63
i1 0.000000 12.000000 26 1 1 63
i1 0.000000 12.000000 27 1 1 63
i2 0.000000 12.000000 27 1 2 63
i2 0.000000 12.000000 28 1 2 63
i2 0.000000 12.000000 28 1 2 63
i2 0.000000 12.000000 29 1 2 63
i2 0.000000 12.000000 29 1 2 63
i2 0.000000 12.000000 30 1 2 63
i2 0.000000 12.000000 30 1 2 63
i2 0.000000 12.000000 31 1 2 63
i3 0.000000 12.000000 32 1 3 63
i4 0.000000 12.000000 32 1 4 63
i3 0.000000 12.000000 33 1 3 63
i3 0.000000 12.000000 33 1 3 63
i2 0.000000 12.000000 34 1 2 63
i1 0.000000 12.000000 34 1 1 63
i1 0.000000 12.000000 35 1 1 63
i1 0.000000 12.000000 35 1 1 63
i1 0.000000 12.000000 13 1 1 64
i1 0.000000 12.000000 14 1 1 64
i1 0.000000 12.000000 14 1 1 64
i1 0.000000 12.000000 18 1 1 64
i1 0.000000 12.000000 18 1 1 64
i1 0.000000 12.000000 19 1 1 64
i1 0.000000 12.000000 19 1 1 64
i1 0.000000 12.000000 20 1 1 64
i1 0.000000 12.000000 20 1 1 64
i1 0.000000 12.000000 21 1 1 64
i1 0.000000 12.000000 22 1 1 64
i1 0.000000 12.000000 22 1 1 64
i1 0.000000 12.000000 23 1 1 64
i1 0.000000 12.000000 26 1 1 64
i1 0.000000 12.000000 27 1 1 64
i2 0.000000 12.000000 27 1 2 64
i2 0.000000 12.000000 28 1 2 64
i2 0.000000 12.000000 28 1 2 64
i2 0.000000 12.000000 29 1 2 64
i2 0.000000 12.000000 29 1 2 64
i2 0.000000 12.000000 30 1 2 64
i2 0.000000 12.000000 30 1 2 64
i3 0.000000 12.000000 31 1 3 64
i4 0.000000 12.000000 32 1 4 64
i4 0.000000 12.000000 32 1 4 64
i3 0.000000 12.000000 33 1 3 64
i3 0.000000 12.000000 33 1 3 64
i2 0.000000 12.000000 34 1 2 64
i1 0.000000 12.000000 34 1 1 64
i1 0.000000 12.000000 35 1 1 64
i1 0.000000 12.000000 35 1 1 64
i1 0.000000 12.000000 14 1 1 66
i1 0.000000 12.000000 14 1 1 66
i1 0.000000 12.000000 18 1 1 66
i1 0.000000 12.000000 18 1 1 66
i1 0.000000 12.000000 19 1 1 66
i1 0.000000 12.000000 19 1 1 66
i1 0.000000 12.000000 20 1 1 66
i1 0.000000 12.000000 20 1 1 66
i1 0.000000 12.000000 21 1 1 66
i1 0.000000 12.000000 22 1 1 66
i1 0.000000 12.000000 22 1 1 66
i1 0.000000 12.000000 23 1 1 66
i1 0.000000 12.000000 23 1 1 66
i1 0.000000 12.000000 26 1 1 66
i1 0.000000 12.000000 27 1 1 66
i2 0.000000 12.000000 27 1 2 66
i3 0.000000 12.000000 28 1 3 66
i3 0.000000 12.000000 28 1 3 66
i3 0.000000 12.000000 29 1 3 66
i2 0.000000 12.000000 29 1 2 66
i2 0.000000 12.000000 30 1 2 66
i2 0.000000 12.000000 30 1 2 66
i3 0.000000 12.000000 31 1 3 66
i4 0.000000 12.000000 32 1 4 66
i4 0.000000 12.000000 32 1 4 66
i3 0.000000 12.000000 33 1 3 66
i2 0.000000 12.000000 33 1 2 66
i2 0.000000 12.000000 34 1 2 66
i1 0.000000 12.000000 34 1 1 66
i1 0.000000 12.000000 35 1 1 66
i1 0.000000 12.000000 35 1 1 66
i1 0.000000 12.000000 36 1 1 66
i1 0.000000 12.000000 18 1 1 68
i1 0.000000 12.000000 19 1 1 68
i1 0.000000 12.000000 19 1 1 68
i1 0.000000 12.000000 20 1 1 68
i1 0.000000 12.000000 20 1 1 68
i1 0.000000 12.000000 21 1 1 68
i1 0.000000 12.000000 22 1 1 68
i1 0.000000 12.000000 22 1 1 68
i1 0.000000 12.000000 23 1 1 68
i1 0.000000 12.000000 23 1 1 68
i1 0.000000 12.000000 26 1 1 68
i1 0.000000 12.000000 27 1 1 68
i2 0.000000 12.000000 27 1 2 68
i3 0.000000 12.000000 28 1 3 68
i3 0.000000 12.000000 28 1 3 68
i2 0.000000 12.000000 29 1 2 68
i2 0.000000 12.000000 29 1 2 68
i2 0.000000 12.000000 30 1 2 68
i2 0.000000 12.000000 30 1 2 68
i3 0.000000 12.000000 31 1 3 68
i4 0.000000 12.000000 32 1 4 68
i3 0.000000 12.000000 32 1 3 68
i3 0.000000 12.000000 33 1 3 68
i2 0.000000 12.000000 33 1 2 68
i2 0.000000 12.000000 34 1 2 68
i1 0.000000 12.000000 34 1 1 68
i1 0.000000 12.000000 35 1 1 68
i1 0.000000 12.000000 35 1 1 68
i1 0.000000 12.000000 36 1 1 68
i1 0.000000 12.000000 18 1 1 70
i1 0.000000 12.000000 19 1 1 70
i1 0.000000 12.000000 19 1 1 70
i1 0.000000 12.000000 20 1 1 70
i1 0.000000 12.000000 20 1 1 70
i1 0.000000 12.000000 21 1 1 70
i1 0.000000 12.000000 22 1 1 70
i1 0.000000 12.000000 22 1 1 70
i1 0.000000 12.000000 23 1 1 70
i1 0.000000 12.000000 23 1 1 70
i1 0.000000 12.000000 25 1 1 70
i1 0.000000 12.000000 26 1 1 70
i2 0.000000 12.000000 27 1 2 70
i3 0.000000 12.000000 27 1 3 70
i3 0.000000 12.000000 28 1 3 70
i3 0.000000 12.000000 28 1 3 70
i2 0.000000 12.000000 29 1 2 70
i2 0.000000 12.000000 29 1 2 70
i2 0.000000 12.000000 30 1 2 70
i2 0.000000 12.000000 30 1 2 70
i3 0.000000 12.000000 31 1 3 70
i3 0.000000 12.000000 32 1 3 70
i3 0.000000 12.000000 32 1 3 70
i2 0.000000 12.000000 33 1 2 70
i2 0.000000 12.000000 33 1 2 70
i1 0.000000 12.000000 34 1 1 70
i1 0.000000 12.000000 34 1 1 70
i1 0.000000 12.000000 35 1 1 70
i2 0.000000 12.000000 35 1 2 70
i1 0.000000 12.000000 36 1 1 70
i1 0.000000 12.000000 18 1 1 72
i1 0.000000 12.000000 18 1 1 72
i1 0.000000 12.000000 19 1 1 72
i1 0.000000 12.000000 19 1 1 72
i1 0.000000 12.000000 20 1 1 72
i1 0.000000 12.000000 20 1 1 72
i1 0.000000 12.000000 21 1 1 72
i1 0.000000 12.000000 22 1 1 72
i1 0.000000 12.000000 22 1 1 72
i1 0.000000 12.000000 23 1 1 72
i1 0.000000 12.000000 23 1 1 72
i1 0.000000 12.000000 25 1 1 72
i1 0.000000 12.000000 25 1 1 72
i1 0.000000 12.000000 26 1 1 72
i2 0.000000 12.000000 27 1 2 72
i3 0.000000 12.000000 27 1 3 72
i3 0.000000 12.000000 28 1 3 72
i3 0.000000 12.000000 28 1 3 72
i2 0.000000 12.000000 29 1 2 72
i1 0.000000 12.000000 29 1 1 72
i1 0.000000 12.000000 30 1 1 72
i2 0.000000 12.000000 30 1 2 72
i2 0.000000 12.000000 31 1 2 72
i2 0.000000 12.000000 32 1 2 72
i2 0.000000 12.000000 32 1 2 72
i2 0.000000 12.000000 33 1 2 72
i1 0.000000 12.000000 33 1 1 72
i1 0.000000 12.000000 34 1 1 72
i1 0.000000 12.000000 34 1 1 72
i2 0.000000 12.000000 35 1 2 72
i2 0.000000 12.000000 35 1 2 72
i1 0.000000 12.000000 36 1 1 72
i1 0.000000 12.000000 17 1 1 74
i1 0.000000 12.000000 18 1 1 74
i1 0.000000 12.000000 18 1 1 74
i1 0.000000 12.000000 19 1 1 74
i1 0.000000 12.000000 19 1 1 74
i1 0.000000 12.000000 20 1 1 74
i1 0.000000 12.000000 20 1 1 74
i1 0.000000 12.000000 21 1 1 74
i1 0.000000 12.000000 22 1 1 74
i1 0.000000 12.000000 22 1 1 74
i1 0.000000 12.000000 23 1 1 74
i1 0.000000 12.000000 23 1 1 74
i1 0.000000 12.000000 24 1 1 74
i1 0.000000 12.000000 24 1 1 74
i1 0.000000 12.000000 25 1 1 74
i1 0.000000 12.000000 25 1 1 74
i2 0.000000 12.000000 26 1 2 74
i2 0.000000 12.000000 27 1 2 74
i2 0.000000 12.000000 27 1 2 74
i2 0.000000 12.000000 28 1 2 74
i2 0.000000 12.000000 28 1 2 74
i1 0.000000 12.000000 29 1 1 74
i1 0.000000 12.000000 29 1 1 74
i1 0.000000 12.000000 30 1 1 74
i1 0.000000 12.000000 30 1 1 74
i2 0.000000 12.000000 31 1 2 74
i2 0.000000 12.000000 32 1 2 74
i1 0.000000 12.000000 32 1 1 74
i1 0.000000 12.000000 33 1 1 74
i1 0.000000 12.000000 33 1 1 74
i1 0.000000 12.000000 34 1 1 74
i1 0.000000 12.000000 34 1 1 74
i2 0.000000 12.000000 35 1 2 74
i2 0.000000 12.000000 35 1 2 74
i1 0.000000 12.000000 36 1 1 74
i1 0.000000 12.000000 17 1 1 76
i1 0.000000 12.000000 17 1 1 76
i1 0.000000 12.000000 18 1 1 76
i1 0.000000 12.000000 18 1 1 76
i1 0.000000 12.000000 19 1 1 76
i1 0.000000 12.000000 19 1 1 76
i1 0.000000 12.000000 20 1 1 76
i1 0.000000 12.000000 20 1 1 76
i1 0.000000 12.000000 21 1 1 76
i1 0.000000 12.000000 22 1 1 76
i1 0.000000 12.000000 22 1 1 76
i1 0.000000 12.000000 23 1 1 76
i1 0.000000 12.000000 23 1 1 76
i1 0.000000 12.000000 24 1 1 76
i1 0.000000 12.000000 24 1 1 76
i1 0.000000 12.000000 25 1 1 76
i1 0.000000 12.000000 25 1 1 76
i2 0.000000 12.000000 26 1 2 76
i2 0.000000 12.000000 27 1 2 76
i2 0.000000 12.000000 27 1 2 76
i2 0.000000 12.000000 28 1 2 76
i2 0.000000 12.000000 28 1 2 76
i1 0.000000 12.000000 29 1 1 76
i1 0.000000 12.000000 29 1 1 76
i1 0.000000 12.000000 30 1 1 76
i1 0.000000 12.000000 30 1 1 76
i1 0.000000 12.000000 31 1 1 76
i1 0.000000 12.000000 32 1 1 76
i1 0.000000 12.000000 32 1 1 76
i1 0.000000 12.000000 33 1 1 76
i1 0.000000 12.000000 33 1 1 76
i1 0.000000 12.000000 34 1 1 76
i1 0.000000 12.000000 34 1 1 76
i2 0.000000 12.000000 35 1 2 76
i2 0.000000 12.000000 35 1 2 76
i1 0.000000 12.000000 36 1 1 76
i1 0.000000 12.000000 16 1 1 78
i1 0.000000 12.000000 17 1 1 78
i1 0.000000 12.000000 17 1 1 78
i1 0.000000 12.000000 18 1 1 78
i1 0.000000 12.000000 18 1 1 78
i1 0.000000 12.000000 19 1 1 78
i1 0.000000 12.000000 19 1 1 78
i1 0.000000 12.000000 20 1 1 78
i1 0.000000 12.000000 20 1 1 78
i1 0.000000 12.000000 21 1 1 78
i1 0.000000 12.000000 22 1 1 78
i1 0.000000 12.000000 22 1 1 78
i1 0.000000 12.000000 23 1 1 78
i1 0.000000 12.000000 23 1 1 78
i1 0.000000 12.000000 24 1 1 78
i1 0.000000 12.000000 24 1 1 78
i1 0.000000 12.000000 25 1 1 78
i1 0.000000 12.000000 25 1 1 78
i2 0.000000 12.000000 26 1 2 78
i1 0.000000 12.000000 27 1 1 78
i1 0.000000 12.000000 27 1 1 78
i1 0.000000 12.000000 28 1 1 78
i1 0.000000 12.000000 28 1 1 78
i1 0.000000 12.000000 29 1 1 78
i1 0.000000 12.000000 31 1 1 78
i1 0.000000 12.000000 32 1 1 78
i1 0.000000 12.000000 32 1 1 78
i1 0.000000 12.000000 33 1 1 78
i1 0.000000 12.000000 33 1 1 78
i1 0.000000 12.000000 34 1 1 78
i1 0.000000 12.000000 34 1 1 78
i1 0.000000 12.000000 35 1 1 78
i1 0.000000 12.000000 35 1 1 78
i1 0.000000 12.000000 36 1 1 78
i1 0.000000 12.000000 15 1 1 80
i1 0.000000 12.000000 16 1 1 80
i1 0.000000 12.000000 17 1 1 80
i1 0.000000 12.000000 17 1 1 80
i1 0.000000 12.000000 18 1 1 80
i1 0.000000 12.000000 18 1 1 80
i1 0.000000 12.000000 19 1 1 80
i1 0.000000 12.000000 19 1 1 80
i1 0.000000 12.000000 20 1 1 80
i1 0.000000 12.000000 20 1 1 80
i1 0.000000 12.000000 21 1 1 80
i1 0.000000 12.000000 22 1 1 80
i1 0.000000 12.000000 22 1 1 80
i1 0.000000 12.000000 23 1 1 80
i1 0.000000 12.000000 23 1 1 80
i1 0.000000 12.000000 24 1 1 80
i1 0.000000 12.000000 24 1 1 80
i1 0.000000 12.000000 25 1 1 80
i1 0.000000 12.000000 25 1 1 80
i1 0.000000 12.000000 26 1 1 80
i1 0.000000 12.000000 27 1 1 80
i1 0.000000 12.000000 27 1 1 80
i1 0.000000 12.000000 28 1 1 80
i1 0.000000 12.000000 28 1 1 80
i1 0.000000 12.000000 33 1 1 80
i1 0.000000 12.000000 34 1 1 80
i1 0.000000 12.000000 34 1 1 80
i1 0.000000 12.000000 35 1 1 80
i1 0.000000 12.000000 35 1 1 80
i1 0.000000 12.000000 36 1 1 80
i1 0.000000 12.000000 15 1 1 82
i1 0.000000 12.000000 15 1 1 82
i1 0.000000 12.000000 16 1 1 82
i1 0.000000 12.000000 17 1 1 82
i1 0.000000 12.000000 17 1 1 82
i1 0.000000 12.000000 18 1 1 82
i1 0.000000 12.000000 18 1 1 82
i1 0.000000 12.000000 19 1 1 82
i1 0.000000 12.000000 19 1 1 82
i1 0.000000 12.000000 20 1 1 82
i1 0.000000 12.000000 20 1 1 82
i1 0.000000 12.000000 21 1 1 82
i1 0.000000 12.000000 22 1 1 82
i1 0.000000 12.000000 22 1 1 82
i1 0.000000 12.000000 23 1 1 82
i1 0.000000 12.000000 23 1 1 82
i1 0.000000 12.000000 24 1 1 82
i1 0.000000 12.000000 24 1 1 82
i1 0.000000 12.000000 25 1 1 82
i1 0.000000 12.000000 25 1 1 82
i1 0.000000 12.000000 26 1 1 82
i1 0.000000 12.000000 27 1 1 82
i1 0.000000 12.000000 27 1 1 82
i1 0.000000 12.000000 33 1 1 82
i1 0.000000 12.000000 34 1 1 82
i1 0.000000 12.000000 34 1 1 82
i1 0.000000 12.000000 35 1 1 82
i1 0.000000 12.000000 35 1 1 82
i1 0.000000 12.000000 15 1 1 84
i1 0.000000 12.000000 15 1 1 84
i1 0.000000 12.000000 16 1 1 84
i1 0.000000 12.000000 17 1 1 84
i1 0.000000 12.000000 17 1 1 84
i1 0.000000 12.000000 18 1 1 84
i1 0.000000 12.000000 18 1 1 84
i1 0.000000 12.000000 19 1 1 84
i1 0.000000 12.000000 19 1 1 84
i1 0.000000 12.000000 20 1 1 84
i1 0.000000 12.000000 20 1 1 84
i1 0.000000 12.000000 21 1 1 84
i1 0.000000 12.000000 22 1 1 84
i1 0.000000 12.000000 22 1 1 84
i1 0.000000 12.000000 23 1 1 84
i2 0.000000 12.000000 23 1 2 84
i1 0.000000 12.000000 24 1 1 84
i1 0.000000 12.000000 24 1 1 84
i1 0.000000 12.000000 25 1 1 84
i1 0.000000 12.000000 25 1 1 84
i1 0.000000 12.000000 26 1 1 84
i1 0.000000 12.000000 27 1 1 84
i1 0.000000 12.000000 33 1 1 84
i1 0.000000 12.000000 34 1 1 84
i1 0.000000 12.000000 34 1 1 84
i1 0.000000 12.000000 35 1 1 84
i1 0.000000 12.000000 35 1 1 84
i1 0.000000 12.000000 15 1 1 86
i1 0.000000 12.000000 15 1 1 86
i1 0.000000 12.000000 16 1 1 86
i1 0.000000 12.000000 17 1 1 86
i1 0.000000 12.000000 17 1 1 86
i1 0.000000 12.000000 18 1 1 86
i1 0.000000 12.000000 18 1 1 86
i1 0.000000 12.000000 19 1 1 86
i1 0.000000 12.000000 19 1 1 86
i1 0.000000 12.000000 20 1 1 86
i1 0.000000 12.000000 20 1 1 86
i1 0.000000 12.000000 21 1 1 86
i1 0.000000 12.000000 22 1 1 86
i1 0.000000 12.000000 22 1 1 86
i2 0.000000 12.000000 23 1 2 86
i2 0.000000 12.000000 23 1 2 86
i1 0.000000 12.000000 24 1 1 86
i1 0.000000 12.000000 24 1 1 86
i1 0.000000 12.000000 25 1 1 86
i1 0.000000 12.000000 25 1 1 86
i1 0.000000 12.000000 26 1 1 86
i1 0.000000 12.000000 33 1 1 86
i1 0.000000 12.000000 33 1 1 86
i1 0.000000 12.000000 34 1 1 86
i1 0.000000 12.000000 34 1 1 86
i1 0.000000 12.000000 35 1 1 86
i1 0.000000 12.000000 35 1 1 86
i1 0.000000 12.000000 15 1 1 88
i1 0.000000 12.000000 15 1 1 88
i1 0.000000 12.000000 16 1 1 88
i1 0.000000 12.000000 17 1 1 88
i1 0.000000 12.000000 17 1 1 88
i1 0.000000 12.000000 18 1 1 88
i1 0.000000 12.000000 18 1 1 88
i1 0.000000 12.000000 19 1 1 88
i1 0.000000 12.000000 19 1 1 88
i1 0.000000 12.000000 20 1 1 88
i1 0.000000 12.000000 20 1 1 88
i1 0.000000 12.000000 21 1 1 88
i1 0.000000 12.000000 22 1 1 88
i1 0.000000 12.000000 22 1 1 88
i2 0.000000 12.000000 23 1 2 88
i2 0.000000 12.000000 23 1 2 88
i2 0.000000 12.000000 24 1 2 88
i1 0.000000 12.000000 24 1 1 88
i1 0.000000 12.000000 25 1 1 88
i1 0.000000 12.000000 25 1 1 88
i1 0.000000 12.000000 26 1 1 88
i1 0.000000 12.000000 33 1 1 88
i1 0.000000 12.000000 33 1 1 88
i1 0.000000 12.000000 34 1 1 88
i1 0.000000 12.000000 34 1 1 88
i1 0.000000 12.000000 35 1 1 88
i1 0.000000 12.000000 35 1 1 88
i1 0.000000 12.000000 14 1 1 90
i1 0.000000 12.000000 15 1 1 90
i1 0.000000 12.000000 15 1 1 90
i1 0.000000 12.000000 16 1 1 90
i1 0.000000 12.000000 17 1 1 90
i1 0.000000 12.000000 17 1 1 90
i1 0.000000 12.000000 18 1 1 90
i1 0.000000 12.000000 18 1 1 90
i1 0.000000 12.000000 19 1 1 90
i1 0.000000 12.000000 19 1 1 90
i1 0.000000 12.000000 20 1 1 90
i1 0.000000 12.000000 20 1 1 90
i1 0.000000 12.000000 21 1 1 90
i1 0.000000 12.000000 22 1 1 90
i1 0.000000 12.000000 22 1 1 90
i2 0.000000 12.000000 23 1 2 90
i2 0.000000 12.000000 23 1 2 90
i2 0.000000 12.000000 24 1 2 90
i1 0.000000 12.000000 24 1 1 90
i1 0.000000 12.000000 25 1 1 90
i1 0.000000 12.000000 25 1 1 90
i1 0.000000 12.000000 33 1 1 90
i1 0.000000 12.000000 33 1 1 90
i1 0.000000 12.000000 34 1 1 90
i1 0.000000 12.000000 34 1 1 90
i1 0.000000 12.000000 35 1 1 90
i1 0.000000 12.000000 4 1 1 92
i1 0.000000 12.000000 14 1 1 92
i1 0.000000 12.000000 14 1 1 92
i1 0.000000 12.000000 15 1 1 92
i1 0.000000 12.000000 15 1 1 92
i1 0.000000 12.000000 16 1 1 92
i1 0.000000 12.000000 17 1 1 92
i1 0.000000 12.000000 17 1 1 92
i1 0.000000 12.000000 18 1 1 92
i1 0.000000 12.000000 18 1 1 92
i1 0.000000 12.000000 19 1 1 92
i1 0.000000 12.000000 19 1 1 92
i1 0.000000 12.000000 20 1 1 92
i1 0.000000 12.000000 20 1 1 92
i1 0.000000 12.000000 21 1 1 92
i1 0.000000 12.000000 22 1 1 92
i1 0.000000 12.000000 22 1 1 92
i2 0.000000 12.000000 23 1 2 92
i2 0.000000 12.000000 23 1 2 92
i2 0.000000 12.000000 24 1 2 92
i1 0.000000 12.000000 24 1 1 92
i1 0.000000 12.000000 25 1 1 92
i1 0.000000 12.000000 25 1 1 92
i1 0.000000 12.000000 32 1 1 92
i1 0.000000 12.000000 33 1 1 92
i1 0.000000 12.000000 33 1 1 92
i1 0.000000 12.000000 34 1 1 92
i1 0.000000 12.000000 34 1 1 92
i1 0.000000 12.000000 35 1 1 92
i1 0.000000 12.000000 13 1 1 94
i1 0.000000 12.000000 14 1 1 94
i1 0.000000 12.000000 14 1 1 94
i1 0.000000 12.000000 15 1 1 94
i1 0.000000 12.000000 15 1 1 94
i1 0.000000 12.000000 16 1 1 94
i1 0.000000 12.000000 17 1 1 94
i1 0.000000 12.000000 17 1 1 94
i1 0.000000 12.000000 18 1 1 94
i1 0.000000 12.000000 18 1 1 94
i1 0.000000 12.000000 19 1 1 94
i1 0.000000 12.000000 19 1 1 94
i1 0.000000 12.000000 20 1 1 94
i1 0.000000 12.000000 20 1 1 94
i1 0.000000 12.000000 21 1 1 94
i1 0.000000 12.000000 22 1 1 94
i1 0.000000 12.000000 22 1 1 94
i1 0.000000 12.000000 23 1 1 94
i1 0.000000 12.000000 23 1 1 94
i1 0.000000 12.000000 24 1 1 94
i1 0.000000 12.000000 24 1 1 94
i1 0.000000 12.000000 25 1 1 94
i1 0.000000 12.000000 32 1 1 94
i1 0.000000 12.000000 33 1 1 94
i1 0.000000 12.000000 33 1 1 94
i1 0.000000 12.000000 34 1 1 94
i1 0.000000 12.000000 34 1 1 94
i1 0.000000 12.000000 35 1 1 94
i1 0.000000 12.000000 13 1 1 96
i1 0.000000 12.000000 13 1 1 96
i1 0.000000 12.000000 14 1 1 96
i1 0.000000 12.000000 14 1 1 96
i1 0.000000 12.000000 15 1 1 96
i1 0.000000 12.000000 15 1 1 96
i1 0.000000 12.000000 16 1 1 96
i1 0.000000 12.000000 17 1 1 96
i1 0.000000 12.000000 17 1 1 96
i1 0.000000 12.000000 18 1 1 96
i1 0.000000 12.000000 18 1 1 96
i1 0.000000 12.000000 19 1 1 96
i1 0.000000 12.000000 19 1 1 96
i1 0.000000 12.000000 20 1 1 96
i1 0.000000 12.000000 20 1 1 96
i1 0.000000 12.000000 21 1 1 96
i1 0.000000 12.000000 22 1 1 96
i1 0.000000 12.000000 22 1 1 96
i1 0.000000 12.000000 23 1 1 96
i1 0.000000 12.000000 23 1 1 96
i1 0.000000 12.000000 24 1 1 96
i1 0.000000 12.000000 24 1 1 96
i1 0.000000 12.000000 32 1 1 96
i1 0.000000 12.000000 32 1 1 96
i1 0.000000 12.000000 33 1 1 96
i1 0.000000 12.000000 33 1 1 96
i1 0.000000 12.000000 34 1 1 96
i1 0.000000 12.000000 34 1 1 96
i1 0.000000 12.000000 13 1 1 98
i1 0.000000 12.000000 14 1 1 98
i1 0.000000 12.000000 14 1 1 98
i1 0.000000 12.000000 15 1 1 98
i1 0.000000 12.000000 15 1 1 98
i1 0.000000 12.000000 16 1 1 98
i1 0.000000 12.000000 17 1 1 98
i1 0.000000 12.000000 17 1 1 98
i1 0.000000 12.000000 18 1 1 98
i1 0.000000 12.000000 18 1 1 98
i1 0.000000 12.000000 19 1 1 98
i1 0.000000 12.000000 19 1 1 98
i1 0.000000 12.000000 20 1 1 98
i1 0.000000 12.000000 20 1 1 98
i1 0.000000 12.000000 21 1 1 98
i1 0.000000 12.000000 22 1 1 98
i1 0.000000 12.000000 22 1 1 98
i1 0.000000 12.000000 23 1 1 98
i1 0.000000 12.000000 23 1 1 98
i1 0.000000 12.000000 31 1 1 98
i1 0.000000 12.000000 32 1 1 98
i1 0.000000 12.000000 32 1 1 98
i1 0.000000 12.000000 33 1 1 98
i1 0.000000 12.000000 33 1 1 98
i1 0.000000 12.000000 34 1 1 98
i1 0.000000 12.000000 34 1 1 98
i1 0.000000 12.000000 13 1 1 100
i1 0.000000 12.000000 14 1 1 100
i1 0.000000 12.000000 14 1 1 100
i1 0.000000 12.000000 15 1 1 100
i1 0.000000 12.000000 15 1 1 100
i1 0.000000 12.000000 16 1 1 100
i1 0.000000 12.000000 17 1 1 100
i1 0.000000 12.000000 17 1 1 100
i1 0.000000 12.000000 18 1 1 100
i1 0.000000 12.000000 18 1 1 100
i1 0.000000 12.000000 19 1 1 100
i1 0.000000 12.000000 19 1 1 100
i1 0.000000 12.000000 20 1 1 100
i1 0.000000 12.000000 20 1 1 100
i1 0.000000 12.000000 30 1 1 100
i1 0.000000 12.000000 30 1 1 100
i1 0.000000 12.000000 31 1 1 100
i1 0.000000 12.000000 32 1 1 100
i1 0.000000 12.000000 32 1 1 100
i1 0.000000 12.000000 33 1 1 100
i1 0.000000 12.000000 33 1 1 100
i1 0.000000 12.000000 34 1 1 100
i1 0.000000 12.000000 13 1 1 102
i1 0.000000 12.000000 14 1 1 102
i1 0.000000 12.000000 14 1 1 102
i1 0.000000 12.000000 15 1 1 102
i1 0.000000 12.000000 15 1 1 102
i1 0.000000 12.000000 16 1 1 102
i1 0.000000 12.000000 17 1 1 102
i1 0.000000 12.000000 17 1 1 102
i1 0.000000 12.000000 18 1 1 102
i1 0.000000 12.000000 18 1 1 102
i1 0.000000 12.000000 19 1 1 102
i1 0.000000 12.000000 19 1 1 102
i1 0.000000 12.000000 20 1 1 102
i1 0.000000 12.000000 29 1 1 102
i1 0.000000 12.000000 29 1 1 102
i1 0.000000 12.000000 30 1 1 102
i1 0.000000 12.000000 30 1 1 102
i1 0.000000 12.000000 31 1 1 102
i1 0.000000 12.000000 32 1 1 102
i1 0.000000 12.000000 32 1 1 102
i1 0.000000 12.000000 33 1 1 102
i1 0.000000 12.000000 33 1 1 102
i1 0.000000 12.000000 13 1 1 104
i1 0.000000 12.000000 13 1 1 104
i1 0.000000 12.000000 14 1 1 104
i1 0.000000 12.000000 14 1 1 104
i1 0.000000 12.000000 15 1 1 104
i1 0.000000 12.000000 15 1 1 104
i1 0.000000 12.000000 16 1 1 104
i1 0.000000 12.000000 17 1 1 104
i1 0.000000 12.000000 17 1 1 104
i1 0.000000 12.000000 18 1 1 104
i1 0.000000 12.000000 18 1 1 104
i1 0.000000 12.000000 19 1 1 104
i1 0.000000 12.000000 19 1 1 104
i1 0.000000 12.000000 28 1 1 104
i1 0.000000 12.000000 29 1 1 104
i2 0.000000 12.000000 29 1 2 104
i1 0.000000 12.000000 30 1 1 104
i1 0.000000 12.000000 30 1 1 104
i1 0.000000 12.000000 31 1 1 104
i1 0.000000 12.000000 32 1 1 104
i1 0.000000 12.000000 32 1 1 104
i1 0.000000 12.000000 33 1 1 104
i1 0.000000 12.000000 7 1 1 106
i1 0.000000 12.000000 13 1 1 106
i1 0.000000 12.000000 13 1 1 106
i1 0.000000 12.000000 14 1 1 106
i1 0.000000 12.000000 14 1 1 106
i1 0.000000 12.000000 15 1 1 106
i1 0.000000 12.000000 15 1 1 106
i1 0.000000 12.000000 16 1 1 106
i1 0.000000 12.000000 17 1 1 106
i1 0.000000 12.000000 17 1 1 106
i1 0.000000 12.000000 18 1 1 106
i1 0.000000 12.000000 18 1 1 106
i1 0.000000 12.000000 19 1 1 106
i1 0.000000 12.000000 19 1 1 106
i1 0.000000 12.000000 26 1 1 106
i1 0.000000 12.000000 27 1 1 106
i1 0.000000 12.000000 28 1 1 106
i1 0.000000 12.000000 28 1 1 106
i2 0.000000 12.000000 29 1 2 106
i2 0.000000 12.000000 29 1 2 106
i2 0.000000 12.000000 30 1 2 106
i1 0.000000 12.000000 30 1 1 106
i1 0.000000 12.000000 31 1 1 106
i1 0.000000 12.000000 32 1 1 106
i1 0.000000 12.000000 32 1 1 106
i1 0.000000 12.000000 7 1 1 108
i1 0.000000 12.000000 13 1 1 108
i1 0.000000 12.000000 14 1 1 108
i1 0.000000 12.000000 14 1 1 108
i1 0.000000 12.000000 15 1 1 108
i1 0.000000 12.000000 15 1 1 108
i1 0.000000 12.000000 16 1 1 108
i1 0.000000 12.000000 17 1 1 108
i1 0.000000 12.000000 17 1 1 108
i1 0.000000 12.000000 18 1 1 108
i1 0.000000 12.000000 18 1 1 108
i1 0.000000 12.000000 19 1 1 108
i1 0.000000 12.000000 19 1 1 108
i1 0.000000 12.000000 23 1 1 108
i1 0.000000 12.000000 24 1 1 108
i1 0.000000 12.000000 24 1 1 108
i1 0.000000 12.000000 25 1 1 108
i1 0.000000 12.000000 25 1 1 108
i1 0.000000 12.000000 26 1 1 108
i1 0.000000 12.000000 27 1 1 108
i1 0.000000 12.000000 27 1 1 108
i1 0.000000 12.000000 28 1 1 108
i1 0.000000 12.000000 28 1 1 108
i2 0.000000 12.000000 29 1 2 108
i2 0.000000 12.000000 29 1 2 108
i2 0.000000 12.000000 30 1 2 108
i1 0.000000 12.000000 30 1 1 108
i1 0.000000 12.000000 31 1 1 108
i1 0.000000 12.000000 32 1 1 108
i1 0.000000 12.000000 13 1 1 110
i1 0.000000 12.000000 14 1 1 110
i1 0.000000 12.000000 14 1 1 110
i1 0.000000 12.000000 15 1 1 110
i1 0.000000 12.000000 15 1 1 110
i1 0.000000 12.000000 16 1 1 110
i1 0.000000 12.000000 17 1 1 110
i1 0.000000 12.000000 17 1 1 110
i1 0.000000 12.000000 18 1 1 110
i1 0.000000 12.000000 18 1 1 110
i1 0.000000 12.000000 19 1 1 110
i1 0.000000 12.000000 22 1 1 110
i1 0.000000 12.000000 22 1 1 110
i1 0.000000 12.000000 23 1 1 110
i1 0.000000 12.000000 23 1 1 110
i1 0.000000 12.000000 24 1 1 110
i1 0.000000 12.000000 24 1 1 110
i1 0.000000 12.000000 25 1 1 110
i1 0.000000 12.000000 25 1 1 110
i2 0.000000 12.000000 26 1 2 110
i2 0.000000 12.000000 27 1 2 110
i1 0.000000 12.000000 27 1 1 110
i1 0.000000 12.000000 28 1 1 110
i1 0.000000 12.000000 28 1 1 110
i1 0.000000 12.000000 29 1 1 110
i2 0.000000 12.000000 29 1 2 110
i1 0.000000 12.000000 30 1 1 110
i1 0.000000 12.000000 30 1 1 110
i1 0.000000 12.000000 31 1 1 110
i1 0.000000 12.000000 14 1 1 112
i1 0.000000 12.000000 15 1 1 112
i1 0.000000 12.000000 15 1 1 112
i1 0.000000 12.000000 16 1 1 112
i1 0.000000 12.000000 17 1 1 112
i1 0.000000 12.000000 17 1 1 112
i1 0.000000 12.000000 18 1 1 112
i1 0.000000 12.000000 18 1 1 112
i1 0.000000 12.000000 19 1 1 112
i1 0.000000 12.000000 19 1 1 112
i1 0.000000 12.000000 20 1 1 112
i1 0.000000 12.000000 20 1 1 112
i1 0.000000 12.000000 21 1 1 112
i1 0.000000 12.000000 22 1 1 112
i1 0.000000 12.000000 22 1 1 112
i1 0.000000 12.000000 23 1 1 112
i1 0.000000 12.000000 23 1 1 112
i1 0.000000 12.000000 24 1 1 112
i1 0.000000 12.000000 24 1 1 112
i1 0.000000 12.000000 25 1 1 112
i1 0.000000 12.000000 25 1 1 112
i2 0.000000 12.000000 26 1 2 112
i2 0.000000 12.000000 27 1 2 112
i1 0.000000 12.000000 27 1 1 112
i1 0.000000 12.000000 28 1 1 112
i1 0.000000 12.000000 28 1 1 112
i1 0.000000 12.000000 29 1 1 112
i1 0.000000 12.000000 29 1 1 112
i1 0.000000 12.000000 30 1 1 112
i1 0.000000 12.000000 30 1 1 112
i1 0.000000 12.000000 15 1 1 114
i1 0.000000 12.000000 16 1 1 114
i1 0.000000 12.000000 17 1 1 114
i1 0.000000 12.000000 17 1 1 114
i1 0.000000 12.000000 18 1 1 114
i1 0.000000 12.000000 18 1 1 114
i1 0.000000 12.000000 19 1 1 114
i1 0.000000 12.000000 19 1 1 114
i1 0.000000 12.000000 20 1 1 114
i1 0.000000 12.000000 20 1 1 114
i1 0.000000 12.000000 21 1 1 114
i1 0.000000 12.000000 22 1 1 114
i1 0.000000 12.000000 22 1 1 114
i1 0.000000 12.000000 23 1 1 114
i1 0.000000 12.000000 23 1 1 114
i1 0.000000 12.000000 24 1 1 114
i1 0.000000 12.000000 24 1 1 114
i1 0.000000 12.000000 25 1 1 114
i1 0.000000 12.000000 25 1 1 114
i1 0.000000 12.000000 26 1 1 114
i1 0.000000 12.000000 27 1 1 114
i1 0.000000 12.000000 27 1 1 114
i1 0.000000 12.000000 28 1 1 114
i1 0.000000 12.000000 28 1 1 114
i1 0.000000 12.000000 29 1 1 114
i1 0.000000 12.000000 29 1 1 114
i1 0.000000 12.000000 15 1 1 116
i1 0.000000 12.000000 16 1 1 116
i1 0.000000 12.000000 17 1 1 116
i1 0.000000 12.000000 17 1 1 116
i1 0.000000 12.000000 18 1 1 116
i1 0.000000 12.000000 18 1 1 116
i1 0.000000 12.000000 19 1 1 116
i1 0.000000 12.000000 19 1 1 116
i1 0.000000 12.000000 20 1 1 116
i1 0.000000 12.000000 20 1 1 116
i1 0.000000 12.000000 21 1 1 116
i1 0.000000 12.000000 22 1 1 116
i1 0.000000 12.000000 22 1 1 116
i1 0.000000 12.000000 23 1 1 116
i1 0.000000 12.000000 23 1 1 116
i1 0.000000 12.000000 24 1 1 116
i1 0.000000 12.000000 24 1 1 116
i1 0.000000 12.000000 25 1 1 116
i1 0.000000 12.000000 25 1 1 116
i1 0.000000 12.000000 26 1 1 116
i1 0.000000 12.000000 27 1 1 116
i1 0.000000 12.000000 27 1 1 116
i1 0.000000 12.000000 28 1 1 116
i1 0.000000 12.000000 28 1 1 116
i1 0.000000 12.000000 29 1 1 116
i1 0.000000 12.000000 15 1 1 118
i1 0.000000 12.000000 15 1 1 118
i1 0.000000 12.000000 16 1 1 118
i1 0.000000 12.000000 17 1 1 118
i1 0.000000 12.000000 17 1 1 118
i1 0.000000 12.000000 18 1 1 118
i1 0.000000 12.000000 18 1 1 118
i1 0.000000 12.000000 19 1 1 118
i1 0.000000 12.000000 19 1 1 118
i1 0.000000 12.000000 20 1 1 118
i1 0.000000 12.000000 20 1 1 118
i1 0.000000 12.000000 21 1 1 118
i1 0.000000 12.000000 22 1 1 118
i1 0.000000 12.000000 22 1 1 118
i1 0.000000 12.000000 23 1 1 118
i1 0.000000 12.000000 24 1 1 118
i1 0.000000 12.000000 24 1 1 118
i1 0.000000 12.000000 25 1 1 118
i1 0.000000 12.000000 25 1 1 118
i1 0.000000 12.000000 26 1 1 118
i1 0.000000 12.000000 27 1 1 118
i1 0.000000 12.000000 27 1 1 118
i1 0.000000 12.000000 14 1 1 120
i1 0.000000 12.000000 14 1 1 120
i1 0.000000 12.000000 15 1 1 120
i1 0.000000 12.000000 15 1 1 120
i1 0.000000 12.000000 16 1 1 120
i1 0.000000 12.000000 17 1 1 120
i1 0.000000 12.000000 17 1 1 120
i1 0.000000 12.000000 18 1 1 120
i1 0.000000 12.000000 22 1 1 120
i1 0.000000 12.000000 23 1 1 120
i1 0.000000 12.000000 23 1 1 120
i1 0.000000 12.000000 24 1 1 120
i1 0.000000 12.000000 24 1 1 120
i1 0.000000 12.000000 25 1 1 120
i1 0.000000 12.000000 25 1 1 120
i1 0.000000 12.000000 26 1 1 120
i1 0.000000 12.000000 15 1 1 122
i1 0.000000 12.000000 22 1 1 122
i1 0.000000 12.000000 22 1 1 122
i1 0.000000 12.000000 23 1 1 122
i1 0.000000 12.000000 23 1 1 122
i1 0.000000 12.000000 24 1 1 122
i1 0.000000 12.000000 24 1 1 122
i1 0.000000 12.000000 20 1 1 124
i1 0.000000 12.000000 21 1 1 124
i1 0.000000 12.000000 22 1 1 124
i1 0.000000 12.000000 22 1 1 124

</CsScore>
</CsoundSynthesizer>
