; James Keary - FROM THE HEADER FILE!
; General Midi Testing File - Write out Midi files for loading into a DAW, 
; can open output midi file (located in your username file) in Sibelius, 
; Finale, and Logic.  If opening in Finale, make sure to check the box 
; \"Channels Become Staves\" under import midi file options, so that the 
; channels will be split into different instruments. 
<CsoundSynthesizer>
<CsOptions>
-t60 -g -d -m0 -n
; -m0 suppresses f-tables displaying in terminal, --nosound no sound files 
; written, just a midi file written to your username file. 
</CsOptions>
<CsInstruments>

sr		=	44100
ksmps	=	100
nchnls	=	2
0dbfs	= 	1

#include "../CsoundFiles/Chromatic.txt"
;
#include "../CsoundFiles/MIDI.txt"
;
giVelocities ftgen 0, 0, -8, -2, 87, 88, 89, 90, 91, 92, 93, 94

$MIDI(1)
$MIDI(2)
$MIDI(3)
$MIDI(4)

</CsInstruments>
<CsScore>
; p1 - instrument, p2 - start time, p3 - duration, p4 - note index, p5 - velocity, p6 - channel number p7 - pan (btwn 0 and 127, where 64 is dead center, 0 is hard left and 127 is hard right)
i4 0.000000 12.000000 18 1 4 0
i4 0.000000 12.000000 18 1 4 0
i4 0.000000 12.000000 18 1 4 0
i4 0.000000 12.000000 17 1 4 0
i4 0.000000 12.000000 18 1 4 1
i4 0.000000 12.000000 19 1 4 1
i4 0.000000 12.000000 20 1 4 1
i4 0.000000 12.000000 20 1 4 1
i4 0.000000 12.000000 19 1 4 1
i4 0.000000 12.000000 18 1 4 1
i4 0.000000 12.000000 16 1 4 1
i4 0.000000 12.000000 17 1 4 3
i4 0.000000 12.000000 18 1 4 3
i4 0.000000 12.000000 19 1 4 3
i4 0.000000 12.000000 19 1 4 3
i4 0.000000 12.000000 20 1 4 3
i4 0.000000 12.000000 20 1 4 3
i4 0.000000 12.000000 20 1 4 3
i4 0.000000 12.000000 19 1 4 3
i4 0.000000 12.000000 18 1 4 3
i4 0.000000 12.000000 17 1 4 3
i4 0.000000 12.000000 16 1 4 3
i3 0.000000 12.000000 16 1 3 5
i3 0.000000 12.000000 18 1 3 5
i3 0.000000 12.000000 18 1 3 5
i3 0.000000 12.000000 18 1 3 5
i3 0.000000 12.000000 17 1 3 5
i4 0.000000 12.000000 16 1 4 5
i4 0.000000 12.000000 17 1 4 5
i4 0.000000 12.000000 18 1 4 5
i4 0.000000 12.000000 19 1 4 5
i4 0.000000 12.000000 19 1 4 5
i4 0.000000 12.000000 19 1 4 5
i4 0.000000 12.000000 20 1 4 5
i4 0.000000 12.000000 20 1 4 5
i4 0.000000 12.000000 20 1 4 5
i4 0.000000 12.000000 20 1 4 5
i4 0.000000 12.000000 20 1 4 5
i4 0.000000 12.000000 19 1 4 5
i4 0.000000 12.000000 18 1 4 5
i4 0.000000 12.000000 17 1 4 5
i3 0.000000 12.000000 17 1 3 7
i3 0.000000 12.000000 17 1 3 7
i3 0.000000 12.000000 17 1 3 7
i3 0.000000 12.000000 18 1 3 7
i3 0.000000 12.000000 20 1 3 7
i3 0.000000 12.000000 20 1 3 7
i3 0.000000 12.000000 21 1 3 7
i3 0.000000 12.000000 20 1 3 7
i3 0.000000 12.000000 19 1 3 7
i3 0.000000 12.000000 18 1 3 7
i3 0.000000 12.000000 18 1 3 7
i3 0.000000 12.000000 17 1 3 7
i3 0.000000 12.000000 17 1 3 7
i4 0.000000 12.000000 16 1 4 7
i4 0.000000 12.000000 16 1 4 7
i4 0.000000 12.000000 17 1 4 7
i4 0.000000 12.000000 18 1 4 7
i4 0.000000 12.000000 19 1 4 7
i4 0.000000 12.000000 19 1 4 7
i4 0.000000 12.000000 19 1 4 7
i4 0.000000 12.000000 19 1 4 7
i4 0.000000 12.000000 20 1 4 7
i4 0.000000 12.000000 21 1 4 7
i4 0.000000 12.000000 21 1 4 7
i4 0.000000 12.000000 21 1 4 7
i4 0.000000 12.000000 20 1 4 7
i4 0.000000 12.000000 19 1 4 7
i4 0.000000 12.000000 18 1 4 7
i4 0.000000 12.000000 18 1 4 7
i3 0.000000 12.000000 16 1 3 9
i3 0.000000 12.000000 20 1 3 9
i3 0.000000 12.000000 21 1 3 9
i3 0.000000 12.000000 21 1 3 9
i3 0.000000 12.000000 20 1 3 9
i3 0.000000 12.000000 21 1 3 9
i3 0.000000 12.000000 22 1 3 9
i3 0.000000 12.000000 22 1 3 9
i3 0.000000 12.000000 22 1 3 9
i3 0.000000 12.000000 21 1 3 9
i3 0.000000 12.000000 20 1 3 9
i3 0.000000 12.000000 20 1 3 9
i3 0.000000 12.000000 19 1 3 9
i3 0.000000 12.000000 19 1 3 9
i3 0.000000 12.000000 18 1 3 9
i3 0.000000 12.000000 17 1 3 9
i4 0.000000 12.000000 16 1 4 9
i4 0.000000 12.000000 15 1 4 9
i4 0.000000 12.000000 16 1 4 9
i4 0.000000 12.000000 18 1 4 9
i4 0.000000 12.000000 18 1 4 9
i4 0.000000 12.000000 19 1 4 9
i4 0.000000 12.000000 19 1 4 9
i4 0.000000 12.000000 19 1 4 9
i4 0.000000 12.000000 19 1 4 9
i4 0.000000 12.000000 20 1 4 9
i4 0.000000 12.000000 21 1 4 9
i4 0.000000 12.000000 21 1 4 9
i4 0.000000 12.000000 21 1 4 9
i4 0.000000 12.000000 19 1 4 9
i4 0.000000 12.000000 19 1 4 9
i4 0.000000 12.000000 19 1 4 9
i4 0.000000 12.000000 18 1 4 9
i3 0.000000 12.000000 18 1 3 11
i3 0.000000 12.000000 22 1 3 11
i3 0.000000 12.000000 23 1 3 11
i3 0.000000 12.000000 22 1 3 11
i3 0.000000 12.000000 21 1 3 11
i3 0.000000 12.000000 22 1 3 11
i3 0.000000 12.000000 23 1 3 11
i3 0.000000 12.000000 23 1 3 11
i3 0.000000 12.000000 22 1 3 11
i3 0.000000 12.000000 22 1 3 11
i3 0.000000 12.000000 21 1 3 11
i3 0.000000 12.000000 20 1 3 11
i3 0.000000 12.000000 20 1 3 11
i3 0.000000 12.000000 20 1 3 11
i3 0.000000 12.000000 20 1 3 11
i3 0.000000 12.000000 19 1 3 11
i4 0.000000 12.000000 17 1 4 11
i4 0.000000 12.000000 16 1 4 11
i4 0.000000 12.000000 16 1 4 11
i4 0.000000 12.000000 18 1 4 11
i4 0.000000 12.000000 19 1 4 11
i4 0.000000 12.000000 19 1 4 11
i4 0.000000 12.000000 18 1 4 11
i4 0.000000 12.000000 18 1 4 11
i4 0.000000 12.000000 18 1 4 11
i4 0.000000 12.000000 19 1 4 11
i4 0.000000 12.000000 20 1 4 11
i4 0.000000 12.000000 21 1 4 11
i4 0.000000 12.000000 20 1 4 11
i4 0.000000 12.000000 19 1 4 11
i4 0.000000 12.000000 19 1 4 11
i4 0.000000 12.000000 19 1 4 11
i4 0.000000 12.000000 19 1 4 11
i4 0.000000 12.000000 17 1 4 11
i3 0.000000 12.000000 18 1 3 13
i3 0.000000 12.000000 21 1 3 13
i3 0.000000 12.000000 22 1 3 13
i3 0.000000 12.000000 21 1 3 13
i3 0.000000 12.000000 20 1 3 13
i3 0.000000 12.000000 21 1 3 13
i3 0.000000 12.000000 22 1 3 13
i3 0.000000 12.000000 23 1 3 13
i3 0.000000 12.000000 23 1 3 13
i3 0.000000 12.000000 23 1 3 13
i3 0.000000 12.000000 22 1 3 13
i3 0.000000 12.000000 21 1 3 13
i3 0.000000 12.000000 20 1 3 13
i3 0.000000 12.000000 20 1 3 13
i3 0.000000 12.000000 21 1 3 13
i3 0.000000 12.000000 21 1 3 13
i3 0.000000 12.000000 19 1 3 13
i4 0.000000 12.000000 17 1 4 13
i4 0.000000 12.000000 17 1 4 13
i4 0.000000 12.000000 18 1 4 13
i4 0.000000 12.000000 19 1 4 13
i4 0.000000 12.000000 18 1 4 13
i4 0.000000 12.000000 18 1 4 13
i4 0.000000 12.000000 17 1 4 13
i4 0.000000 12.000000 17 1 4 13
i4 0.000000 12.000000 18 1 4 13
i4 0.000000 12.000000 19 1 4 13
i4 0.000000 12.000000 20 1 4 13
i4 0.000000 12.000000 19 1 4 13
i4 0.000000 12.000000 18 1 4 13
i4 0.000000 12.000000 18 1 4 13
i4 0.000000 12.000000 19 1 4 13
i4 0.000000 12.000000 19 1 4 13
i4 0.000000 12.000000 18 1 4 13
i3 0.000000 12.000000 17 1 3 15
i3 0.000000 12.000000 20 1 3 15
i3 0.000000 12.000000 21 1 3 15
i3 0.000000 12.000000 19 1 3 15
i3 0.000000 12.000000 18 1 3 15
i3 0.000000 12.000000 19 1 3 15
i3 0.000000 12.000000 21 1 3 15
i3 0.000000 12.000000 22 1 3 15
i3 0.000000 12.000000 22 1 3 15
i3 0.000000 12.000000 23 1 3 15
i3 0.000000 12.000000 22 1 3 15
i3 0.000000 12.000000 21 1 3 15
i3 0.000000 12.000000 20 1 3 15
i3 0.000000 12.000000 20 1 3 15
i3 0.000000 12.000000 21 1 3 15
i3 0.000000 12.000000 21 1 3 15
i3 0.000000 12.000000 20 1 3 15
i4 0.000000 12.000000 19 1 4 15
i4 0.000000 12.000000 18 1 4 15
i4 0.000000 12.000000 19 1 4 15
i4 0.000000 12.000000 19 1 4 15
i4 0.000000 12.000000 18 1 4 15
i4 0.000000 12.000000 17 1 4 15
i4 0.000000 12.000000 16 1 4 15
i4 0.000000 12.000000 16 1 4 15
i4 0.000000 12.000000 18 1 4 15
i4 0.000000 12.000000 19 1 4 15
i4 0.000000 12.000000 19 1 4 15
i4 0.000000 12.000000 18 1 4 15
i4 0.000000 12.000000 18 1 4 15
i4 0.000000 12.000000 18 1 4 15
i4 0.000000 12.000000 19 1 4 15
i4 0.000000 12.000000 19 1 4 15
i4 0.000000 12.000000 18 1 4 15
i4 0.000000 12.000000 17 1 4 15
i4 0.000000 12.000000 17 1 4 15
i4 0.000000 12.000000 17 1 4 15
i4 0.000000 12.000000 17 1 4 15
i3 0.000000 12.000000 18 1 3 17
i3 0.000000 12.000000 20 1 3 17
i3 0.000000 12.000000 20 1 3 17
i3 0.000000 12.000000 17 1 3 17
i3 0.000000 12.000000 16 1 3 17
i3 0.000000 12.000000 18 1 3 17
i3 0.000000 12.000000 19 1 3 17
i3 0.000000 12.000000 18 1 3 17
i3 0.000000 12.000000 17 1 3 17
i3 0.000000 12.000000 18 1 3 17
i3 0.000000 12.000000 19 1 3 17
i3 0.000000 12.000000 21 1 3 17
i3 0.000000 12.000000 22 1 3 17
i3 0.000000 12.000000 23 1 3 17
i3 0.000000 12.000000 23 1 3 17
i3 0.000000 12.000000 21 1 3 17
i3 0.000000 12.000000 20 1 3 17
i3 0.000000 12.000000 20 1 3 17
i3 0.000000 12.000000 21 1 3 17
i3 0.000000 12.000000 21 1 3 17
i3 0.000000 12.000000 20 1 3 17
i3 0.000000 12.000000 20 1 3 17
i4 0.000000 12.000000 20 1 4 17
i4 0.000000 12.000000 20 1 4 17
i4 0.000000 12.000000 19 1 4 17
i4 0.000000 12.000000 17 1 4 17
i4 0.000000 12.000000 16 1 4 17
i4 0.000000 12.000000 16 1 4 17
i4 0.000000 12.000000 17 1 4 17
i4 0.000000 12.000000 18 1 4 17
i4 0.000000 12.000000 18 1 4 17
i4 0.000000 12.000000 18 1 4 17
i4 0.000000 12.000000 18 1 4 17
i4 0.000000 12.000000 17 1 4 17
i4 0.000000 12.000000 18 1 4 17
i4 0.000000 12.000000 18 1 4 17
i4 0.000000 12.000000 18 1 4 17
i4 0.000000 12.000000 18 1 4 17
i4 0.000000 12.000000 17 1 4 17
i4 0.000000 12.000000 17 1 4 17
i4 0.000000 12.000000 17 1 4 17
i4 0.000000 12.000000 17 1 4 17
i4 0.000000 12.000000 17 1 4 17
i4 0.000000 12.000000 16 1 4 17
i3 0.000000 12.000000 17 1 3 19
i3 0.000000 12.000000 21 1 3 19
i3 0.000000 12.000000 23 1 3 19
i3 0.000000 12.000000 22 1 3 19
i3 0.000000 12.000000 20 1 3 19
i3 0.000000 12.000000 17 1 3 19
i3 0.000000 12.000000 15 1 3 19
i3 0.000000 12.000000 17 1 3 19
i3 0.000000 12.000000 19 1 3 19
i3 0.000000 12.000000 18 1 3 19
i3 0.000000 12.000000 17 1 3 19
i3 0.000000 12.000000 17 1 3 19
i3 0.000000 12.000000 18 1 3 19
i3 0.000000 12.000000 20 1 3 19
i3 0.000000 12.000000 21 1 3 19
i3 0.000000 12.000000 22 1 3 19
i3 0.000000 12.000000 22 1 3 19
i3 0.000000 12.000000 21 1 3 19
i3 0.000000 12.000000 20 1 3 19
i3 0.000000 12.000000 20 1 3 19
i3 0.000000 12.000000 21 1 3 19
i3 0.000000 12.000000 21 1 3 19
i3 0.000000 12.000000 21 1 3 19
i3 0.000000 12.000000 21 1 3 19
i4 0.000000 12.000000 21 1 4 19
i4 0.000000 12.000000 20 1 4 19
i4 0.000000 12.000000 19 1 4 19
i4 0.000000 12.000000 16 1 4 19
i4 0.000000 12.000000 15 1 4 19
i4 0.000000 12.000000 16 1 4 19
i4 0.000000 12.000000 17 1 4 19
i4 0.000000 12.000000 18 1 4 19
i4 0.000000 12.000000 18 1 4 19
i4 0.000000 12.000000 17 1 4 19
i4 0.000000 12.000000 17 1 4 19
i4 0.000000 12.000000 18 1 4 19
i4 0.000000 12.000000 18 1 4 19
i4 0.000000 12.000000 18 1 4 19
i4 0.000000 12.000000 18 1 4 19
i4 0.000000 12.000000 17 1 4 19
i4 0.000000 12.000000 17 1 4 19
i4 0.000000 12.000000 17 1 4 19
i4 0.000000 12.000000 17 1 4 19
i4 0.000000 12.000000 17 1 4 19
i4 0.000000 12.000000 18 1 4 19
i4 0.000000 12.000000 18 1 4 19
i3 0.000000 12.000000 19 1 3 21
i3 0.000000 12.000000 23 1 3 21
i3 0.000000 12.000000 23 1 3 21
i3 0.000000 12.000000 22 1 3 21
i3 0.000000 12.000000 21 1 3 21
i3 0.000000 12.000000 19 1 3 21
i3 0.000000 12.000000 17 1 3 21
i3 0.000000 12.000000 16 1 3 21
i3 0.000000 12.000000 16 1 3 21
i3 0.000000 12.000000 18 1 3 21
i3 0.000000 12.000000 18 1 3 21
i3 0.000000 12.000000 17 1 3 21
i3 0.000000 12.000000 16 1 3 21
i3 0.000000 12.000000 17 1 3 21
i3 0.000000 12.000000 19 1 3 21
i3 0.000000 12.000000 21 1 3 21
i3 0.000000 12.000000 22 1 3 21
i3 0.000000 12.000000 22 1 3 21
i3 0.000000 12.000000 21 1 3 21
i3 0.000000 12.000000 21 1 3 21
i3 0.000000 12.000000 20 1 3 21
i3 0.000000 12.000000 21 1 3 21
i3 0.000000 12.000000 21 1 3 21
i3 0.000000 12.000000 21 1 3 21
i3 0.000000 12.000000 21 1 3 21
i4 0.000000 12.000000 21 1 4 21
i4 0.000000 12.000000 20 1 4 21
i4 0.000000 12.000000 18 1 4 21
i4 0.000000 12.000000 16 1 4 21
i4 0.000000 12.000000 15 1 4 21
i4 0.000000 12.000000 16 1 4 21
i4 0.000000 12.000000 17 1 4 21
i4 0.000000 12.000000 18 1 4 21
i4 0.000000 12.000000 17 1 4 21
i4 0.000000 12.000000 17 1 4 21
i4 0.000000 12.000000 18 1 4 21
i4 0.000000 12.000000 18 1 4 21
i4 0.000000 12.000000 18 1 4 21
i4 0.000000 12.000000 18 1 4 21
i4 0.000000 12.000000 17 1 4 21
i4 0.000000 12.000000 17 1 4 21
i4 0.000000 12.000000 16 1 4 21
i4 0.000000 12.000000 16 1 4 21
i4 0.000000 12.000000 16 1 4 21
i4 0.000000 12.000000 16 1 4 21
i4 0.000000 12.000000 17 1 4 21
i4 0.000000 12.000000 18 1 4 21
i4 0.000000 12.000000 17 1 4 21
i2 0.000000 12.000000 17 1 2 23
i2 0.000000 12.000000 19 1 2 23
i3 0.000000 12.000000 21 1 3 23
i3 0.000000 12.000000 23 1 3 23
i3 0.000000 12.000000 22 1 3 23
i3 0.000000 12.000000 21 1 3 23
i3 0.000000 12.000000 20 1 3 23
i3 0.000000 12.000000 20 1 3 23
i3 0.000000 12.000000 18 1 3 23
i3 0.000000 12.000000 16 1 3 23
i3 0.000000 12.000000 16 1 3 23
i3 0.000000 12.000000 18 1 3 23
i3 0.000000 12.000000 18 1 3 23
i3 0.000000 12.000000 17 1 3 23
i3 0.000000 12.000000 16 1 3 23
i3 0.000000 12.000000 17 1 3 23
i3 0.000000 12.000000 18 1 3 23
i3 0.000000 12.000000 20 1 3 23
i3 0.000000 12.000000 21 1 3 23
i3 0.000000 12.000000 22 1 3 23
i3 0.000000 12.000000 22 1 3 23
i3 0.000000 12.000000 21 1 3 23
i3 0.000000 12.000000 21 1 3 23
i3 0.000000 12.000000 21 1 3 23
i3 0.000000 12.000000 21 1 3 23
i3 0.000000 12.000000 21 1 3 23
i3 0.000000 12.000000 21 1 3 23
i3 0.000000 12.000000 21 1 3 23
i4 0.000000 12.000000 20 1 4 23
i4 0.000000 12.000000 18 1 4 23
i4 0.000000 12.000000 16 1 4 23
i4 0.000000 12.000000 15 1 4 23
i4 0.000000 12.000000 16 1 4 23
i4 0.000000 12.000000 17 1 4 23
i4 0.000000 12.000000 18 1 4 23
i4 0.000000 12.000000 17 1 4 23
i4 0.000000 12.000000 17 1 4 23
i4 0.000000 12.000000 18 1 4 23
i4 0.000000 12.000000 19 1 4 23
i4 0.000000 12.000000 18 1 4 23
i4 0.000000 12.000000 17 1 4 23
i4 0.000000 12.000000 17 1 4 23
i4 0.000000 12.000000 16 1 4 23
i4 0.000000 12.000000 16 1 4 23
i4 0.000000 12.000000 15 1 4 23
i4 0.000000 12.000000 15 1 4 23
i4 0.000000 12.000000 16 1 4 23
i4 0.000000 12.000000 17 1 4 23
i4 0.000000 12.000000 17 1 4 23
i4 0.000000 12.000000 18 1 4 23
i4 0.000000 12.000000 17 1 4 23
i2 0.000000 12.000000 18 1 2 25
i2 0.000000 12.000000 20 1 2 25
i2 0.000000 12.000000 20 1 2 25
i2 0.000000 12.000000 20 1 2 25
i2 0.000000 12.000000 21 1 2 25
i2 0.000000 12.000000 23 1 2 25
i2 0.000000 12.000000 23 1 2 25
i3 0.000000 12.000000 21 1 3 25
i3 0.000000 12.000000 19 1 3 25
i3 0.000000 12.000000 19 1 3 25
i3 0.000000 12.000000 20 1 3 25
i3 0.000000 12.000000 19 1 3 25
i3 0.000000 12.000000 18 1 3 25
i3 0.000000 12.000000 17 1 3 25
i3 0.000000 12.000000 18 1 3 25
i3 0.000000 12.000000 17 1 3 25
i3 0.000000 12.000000 16 1 3 25
i3 0.000000 12.000000 16 1 3 25
i3 0.000000 12.000000 16 1 3 25
i3 0.000000 12.000000 17 1 3 25
i3 0.000000 12.000000 18 1 3 25
i3 0.000000 12.000000 20 1 3 25
i3 0.000000 12.000000 21 1 3 25
i3 0.000000 12.000000 22 1 3 25
i3 0.000000 12.000000 21 1 3 25
i3 0.000000 12.000000 21 1 3 25
i3 0.000000 12.000000 21 1 3 25
i3 0.000000 12.000000 21 1 3 25
i3 0.000000 12.000000 20 1 3 25
i3 0.000000 12.000000 21 1 3 25
i3 0.000000 12.000000 21 1 3 25
i4 0.000000 12.000000 20 1 4 25
i4 0.000000 12.000000 19 1 4 25
i4 0.000000 12.000000 17 1 4 25
i4 0.000000 12.000000 16 1 4 25
i4 0.000000 12.000000 16 1 4 25
i4 0.000000 12.000000 17 1 4 25
i4 0.000000 12.000000 18 1 4 25
i4 0.000000 12.000000 18 1 4 25
i4 0.000000 12.000000 18 1 4 25
i4 0.000000 12.000000 19 1 4 25
i4 0.000000 12.000000 19 1 4 25
i4 0.000000 12.000000 18 1 4 25
i4 0.000000 12.000000 17 1 4 25
i4 0.000000 12.000000 16 1 4 25
i4 0.000000 12.000000 16 1 4 25
i4 0.000000 12.000000 15 1 4 25
i4 0.000000 12.000000 15 1 4 25
i4 0.000000 12.000000 14 1 4 25
i4 0.000000 12.000000 15 1 4 25
i4 0.000000 12.000000 15 1 4 25
i4 0.000000 12.000000 16 1 4 25
i4 0.000000 12.000000 17 1 4 25
i4 0.000000 12.000000 18 1 4 25
i4 0.000000 12.000000 16 1 4 25
i2 0.000000 12.000000 18 1 2 27
i2 0.000000 12.000000 21 1 2 27
i2 0.000000 12.000000 23 1 2 27
i2 0.000000 12.000000 23 1 2 27
i2 0.000000 12.000000 23 1 2 27
i2 0.000000 12.000000 23 1 2 27
i2 0.000000 12.000000 24 1 2 27
i2 0.000000 12.000000 23 1 2 27
i2 0.000000 12.000000 20 1 2 27
i2 0.000000 12.000000 17 1 2 27
i3 0.000000 12.000000 17 1 3 27
i3 0.000000 12.000000 19 1 3 27
i3 0.000000 12.000000 19 1 3 27
i3 0.000000 12.000000 19 1 3 27
i3 0.000000 12.000000 18 1 3 27
i3 0.000000 12.000000 18 1 3 27
i3 0.000000 12.000000 17 1 3 27
i3 0.000000 12.000000 16 1 3 27
i3 0.000000 12.000000 15 1 3 27
i3 0.000000 12.000000 16 1 3 27
i3 0.000000 12.000000 16 1 3 27
i3 0.000000 12.000000 17 1 3 27
i3 0.000000 12.000000 18 1 3 27
i3 0.000000 12.000000 20 1 3 27
i3 0.000000 12.000000 22 1 3 27
i3 0.000000 12.000000 22 1 3 27
i3 0.000000 12.000000 21 1 3 27
i3 0.000000 12.000000 20 1 3 27
i3 0.000000 12.000000 20 1 3 27
i3 0.000000 12.000000 19 1 3 27
i3 0.000000 12.000000 19 1 3 27
i3 0.000000 12.000000 20 1 3 27
i4 0.000000 12.000000 20 1 4 27
i4 0.000000 12.000000 19 1 4 27
i4 0.000000 12.000000 18 1 4 27
i4 0.000000 12.000000 17 1 4 27
i4 0.000000 12.000000 16 1 4 27
i4 0.000000 12.000000 17 1 4 27
i4 0.000000 12.000000 17 1 4 27
i4 0.000000 12.000000 18 1 4 27
i4 0.000000 12.000000 18 1 4 27
i4 0.000000 12.000000 19 1 4 27
i4 0.000000 12.000000 19 1 4 27
i4 0.000000 12.000000 17 1 4 27
i4 0.000000 12.000000 16 1 4 27
i4 0.000000 12.000000 16 1 4 27
i4 0.000000 12.000000 16 1 4 27
i4 0.000000 12.000000 16 1 4 27
i4 0.000000 12.000000 14 1 4 27
i4 0.000000 12.000000 14 1 4 27
i4 0.000000 12.000000 14 1 4 27
i4 0.000000 12.000000 14 1 4 27
i4 0.000000 12.000000 15 1 4 27
i4 0.000000 12.000000 16 1 4 27
i4 0.000000 12.000000 17 1 4 27
i4 0.000000 12.000000 17 1 4 27
i2 0.000000 12.000000 17 1 2 29
i2 0.000000 12.000000 21 1 2 29
i2 0.000000 12.000000 23 1 2 29
i2 0.000000 12.000000 24 1 2 29
i2 0.000000 12.000000 24 1 2 29
i2 0.000000 12.000000 24 1 2 29
i2 0.000000 12.000000 24 1 2 29
i2 0.000000 12.000000 24 1 2 29
i2 0.000000 12.000000 22 1 2 29
i2 0.000000 12.000000 19 1 2 29
i2 0.000000 12.000000 17 1 2 29
i2 0.000000 12.000000 16 1 2 29
i2 0.000000 12.000000 18 1 2 29
i2 0.000000 12.000000 19 1 2 29
i3 0.000000 12.000000 19 1 3 29
i3 0.000000 12.000000 19 1 3 29
i3 0.000000 12.000000 18 1 3 29
i3 0.000000 12.000000 17 1 3 29
i3 0.000000 12.000000 15 1 3 29
i3 0.000000 12.000000 15 1 3 29
i3 0.000000 12.000000 15 1 3 29
i3 0.000000 12.000000 15 1 3 29
i3 0.000000 12.000000 15 1 3 29
i3 0.000000 12.000000 16 1 3 29
i3 0.000000 12.000000 18 1 3 29
i3 0.000000 12.000000 21 1 3 29
i3 0.000000 12.000000 22 1 3 29
i3 0.000000 12.000000 21 1 3 29
i3 0.000000 12.000000 20 1 3 29
i3 0.000000 12.000000 19 1 3 29
i3 0.000000 12.000000 18 1 3 29
i3 0.000000 12.000000 18 1 3 29
i3 0.000000 12.000000 18 1 3 29
i3 0.000000 12.000000 19 1 3 29
i4 0.000000 12.000000 19 1 4 29
i4 0.000000 12.000000 18 1 4 29
i4 0.000000 12.000000 17 1 4 29
i4 0.000000 12.000000 16 1 4 29
i4 0.000000 12.000000 17 1 4 29
i4 0.000000 12.000000 17 1 4 29
i4 0.000000 12.000000 17 1 4 29
i4 0.000000 12.000000 18 1 4 29
i4 0.000000 12.000000 18 1 4 29
i4 0.000000 12.000000 18 1 4 29
i4 0.000000 12.000000 17 1 4 29
i4 0.000000 12.000000 16 1 4 29
i4 0.000000 12.000000 16 1 4 29
i4 0.000000 12.000000 17 1 4 29
i4 0.000000 12.000000 16 1 4 29
i4 0.000000 12.000000 14 1 4 29
i4 0.000000 12.000000 13 1 4 29
i4 0.000000 12.000000 13 1 4 29
i4 0.000000 12.000000 13 1 4 29
i4 0.000000 12.000000 14 1 4 29
i4 0.000000 12.000000 16 1 4 29
i4 0.000000 12.000000 17 1 4 29
i4 0.000000 12.000000 17 1 4 29
i4 0.000000 12.000000 17 1 4 29
i2 0.000000 12.000000 18 1 2 31
i2 0.000000 12.000000 22 1 2 31
i2 0.000000 12.000000 24 1 2 31
i2 0.000000 12.000000 25 1 2 31
i2 0.000000 12.000000 24 1 2 31
i2 0.000000 12.000000 24 1 2 31
i2 0.000000 12.000000 23 1 2 31
i2 0.000000 12.000000 23 1 2 31
i2 0.000000 12.000000 21 1 2 31
i2 0.000000 12.000000 18 1 2 31
i2 0.000000 12.000000 16 1 2 31
i2 0.000000 12.000000 16 1 2 31
i2 0.000000 12.000000 17 1 2 31
i2 0.000000 12.000000 18 1 2 31
i2 0.000000 12.000000 19 1 2 31
i2 0.000000 12.000000 19 1 2 31
i3 0.000000 12.000000 18 1 3 31
i3 0.000000 12.000000 16 1 3 31
i3 0.000000 12.000000 15 1 3 31
i3 0.000000 12.000000 15 1 3 31
i3 0.000000 12.000000 16 1 3 31
i3 0.000000 12.000000 16 1 3 31
i3 0.000000 12.000000 15 1 3 31
i3 0.000000 12.000000 15 1 3 31
i3 0.000000 12.000000 17 1 3 31
i3 0.000000 12.000000 20 1 3 31
i3 0.000000 12.000000 21 1 3 31
i3 0.000000 12.000000 21 1 3 31
i3 0.000000 12.000000 20 1 3 31
i3 0.000000 12.000000 19 1 3 31
i3 0.000000 12.000000 17 1 3 31
i3 0.000000 12.000000 16 1 3 31
i3 0.000000 12.000000 16 1 3 31
i3 0.000000 12.000000 18 1 3 31
i4 0.000000 12.000000 19 1 4 31
i4 0.000000 12.000000 18 1 4 31
i4 0.000000 12.000000 17 1 4 31
i4 0.000000 12.000000 16 1 4 31
i4 0.000000 12.000000 16 1 4 31
i4 0.000000 12.000000 16 1 4 31
i4 0.000000 12.000000 17 1 4 31
i4 0.000000 12.000000 17 1 4 31
i4 0.000000 12.000000 18 1 4 31
i4 0.000000 12.000000 18 1 4 31
i4 0.000000 12.000000 16 1 4 31
i4 0.000000 12.000000 15 1 4 31
i4 0.000000 12.000000 16 1 4 31
i4 0.000000 12.000000 17 1 4 31
i4 0.000000 12.000000 16 1 4 31
i4 0.000000 12.000000 14 1 4 31
i4 0.000000 12.000000 13 1 4 31
i4 0.000000 12.000000 12 1 4 31
i4 0.000000 12.000000 13 1 4 31
i4 0.000000 12.000000 15 1 4 31
i4 0.000000 12.000000 16 1 4 31
i4 0.000000 12.000000 17 1 4 31
i4 0.000000 12.000000 17 1 4 31
i4 0.000000 12.000000 17 1 4 31
i4 0.000000 12.000000 16 1 4 31
i2 0.000000 12.000000 17 1 2 32
i2 0.000000 12.000000 20 1 2 32
i2 0.000000 12.000000 22 1 2 32
i2 0.000000 12.000000 24 1 2 32
i2 0.000000 12.000000 24 1 2 32
i2 0.000000 12.000000 23 1 2 32
i2 0.000000 12.000000 23 1 2 32
i2 0.000000 12.000000 22 1 2 32
i2 0.000000 12.000000 21 1 2 32
i2 0.000000 12.000000 20 1 2 32
i2 0.000000 12.000000 18 1 2 32
i2 0.000000 12.000000 16 1 2 32
i2 0.000000 12.000000 16 1 2 32
i2 0.000000 12.000000 17 1 2 32
i2 0.000000 12.000000 18 1 2 32
i2 0.000000 12.000000 19 1 2 32
i2 0.000000 12.000000 18 1 2 32
i2 0.000000 12.000000 17 1 2 32
i2 0.000000 12.000000 15 1 2 32
i3 0.000000 12.000000 14 1 3 32
i3 0.000000 12.000000 15 1 3 32
i3 0.000000 12.000000 17 1 3 32
i3 0.000000 12.000000 17 1 3 32
i3 0.000000 12.000000 16 1 3 32
i3 0.000000 12.000000 15 1 3 32
i3 0.000000 12.000000 15 1 3 32
i3 0.000000 12.000000 18 1 3 32
i3 0.000000 12.000000 20 1 3 32
i3 0.000000 12.000000 21 1 3 32
i3 0.000000 12.000000 20 1 3 32
i3 0.000000 12.000000 19 1 3 32
i3 0.000000 12.000000 16 1 3 32
i3 0.000000 12.000000 14 1 3 32
i3 0.000000 12.000000 15 1 3 32
i3 0.000000 12.000000 17 1 3 32
i3 0.000000 12.000000 17 1 3 32
i4 0.000000 12.000000 17 1 4 32
i4 0.000000 12.000000 17 1 4 32
i4 0.000000 12.000000 16 1 4 32
i4 0.000000 12.000000 16 1 4 32
i4 0.000000 12.000000 16 1 4 32
i4 0.000000 12.000000 16 1 4 32
i4 0.000000 12.000000 17 1 4 32
i4 0.000000 12.000000 18 1 4 32
i4 0.000000 12.000000 18 1 4 32
i4 0.000000 12.000000 17 1 4 32
i4 0.000000 12.000000 16 1 4 32
i4 0.000000 12.000000 16 1 4 32
i4 0.000000 12.000000 17 1 4 32
i4 0.000000 12.000000 16 1 4 32
i4 0.000000 12.000000 14 1 4 32
i4 0.000000 12.000000 13 1 4 32
i4 0.000000 12.000000 13 1 4 32
i4 0.000000 12.000000 14 1 4 32
i4 0.000000 12.000000 15 1 4 32
i4 0.000000 12.000000 16 1 4 32
i4 0.000000 12.000000 17 1 4 32
i4 0.000000 12.000000 17 1 4 32
i4 0.000000 12.000000 16 1 4 32
i4 0.000000 12.000000 15 1 4 32
i2 0.000000 12.000000 17 1 2 34
i2 0.000000 12.000000 19 1 2 34
i2 0.000000 12.000000 20 1 2 34
i2 0.000000 12.000000 21 1 2 34
i2 0.000000 12.000000 23 1 2 34
i2 0.000000 12.000000 24 1 2 34
i2 0.000000 12.000000 24 1 2 34
i2 0.000000 12.000000 23 1 2 34
i2 0.000000 12.000000 22 1 2 34
i2 0.000000 12.000000 21 1 2 34
i2 0.000000 12.000000 21 1 2 34
i2 0.000000 12.000000 20 1 2 34
i2 0.000000 12.000000 18 1 2 34
i2 0.000000 12.000000 17 1 2 34
i2 0.000000 12.000000 17 1 2 34
i2 0.000000 12.000000 18 1 2 34
i2 0.000000 12.000000 19 1 2 34
i2 0.000000 12.000000 19 1 2 34
i2 0.000000 12.000000 18 1 2 34
i2 0.000000 12.000000 16 1 2 34
i2 0.000000 12.000000 15 1 2 34
i2 0.000000 12.000000 14 1 2 34
i2 0.000000 12.000000 16 1 2 34
i3 0.000000 12.000000 18 1 3 34
i3 0.000000 12.000000 18 1 3 34
i3 0.000000 12.000000 17 1 3 34
i3 0.000000 12.000000 15 1 3 34
i3 0.000000 12.000000 14 1 3 34
i3 0.000000 12.000000 16 1 3 34
i3 0.000000 12.000000 18 1 3 34
i3 0.000000 12.000000 19 1 3 34
i3 0.000000 12.000000 19 1 3 34
i3 0.000000 12.000000 18 1 3 34
i3 0.000000 12.000000 15 1 3 34
i3 0.000000 12.000000 13 1 3 34
i3 0.000000 12.000000 13 1 3 34
i3 0.000000 12.000000 14 1 3 34
i1 0.000000 12.000000 16 1 1 34
i4 0.000000 12.000000 16 1 4 34
i4 0.000000 12.000000 17 1 4 34
i4 0.000000 12.000000 16 1 4 34
i4 0.000000 12.000000 16 1 4 34
i4 0.000000 12.000000 15 1 4 34
i4 0.000000 12.000000 16 1 4 34
i4 0.000000 12.000000 16 1 4 34
i4 0.000000 12.000000 18 1 4 34
i4 0.000000 12.000000 19 1 4 34
i4 0.000000 12.000000 18 1 4 34
i4 0.000000 12.000000 17 1 4 34
i4 0.000000 12.000000 17 1 4 34
i4 0.000000 12.000000 16 1 4 34
i4 0.000000 12.000000 16 1 4 34
i4 0.000000 12.000000 14 1 4 34
i4 0.000000 12.000000 14 1 4 34
i4 0.000000 12.000000 14 1 4 34
i4 0.000000 12.000000 15 1 4 34
i4 0.000000 12.000000 16 1 4 34
i4 0.000000 12.000000 16 1 4 34
i4 0.000000 12.000000 16 1 4 34
i4 0.000000 12.000000 16 1 4 34
i4 0.000000 12.000000 16 1 4 34
i4 0.000000 12.000000 15 1 4 34
i2 0.000000 12.000000 17 1 2 36
i2 0.000000 12.000000 20 1 2 36
i2 0.000000 12.000000 22 1 2 36
i2 0.000000 12.000000 22 1 2 36
i2 0.000000 12.000000 22 1 2 36
i2 0.000000 12.000000 23 1 2 36
i2 0.000000 12.000000 24 1 2 36
i2 0.000000 12.000000 24 1 2 36
i2 0.000000 12.000000 22 1 2 36
i2 0.000000 12.000000 21 1 2 36
i2 0.000000 12.000000 21 1 2 36
i2 0.000000 12.000000 21 1 2 36
i2 0.000000 12.000000 20 1 2 36
i2 0.000000 12.000000 20 1 2 36
i2 0.000000 12.000000 19 1 2 36
i2 0.000000 12.000000 19 1 2 36
i2 0.000000 12.000000 20 1 2 36
i2 0.000000 12.000000 20 1 2 36
i2 0.000000 12.000000 19 1 2 36
i2 0.000000 12.000000 18 1 2 36
i2 0.000000 12.000000 17 1 2 36
i2 0.000000 12.000000 15 1 2 36
i2 0.000000 12.000000 15 1 2 36
i2 0.000000 12.000000 16 1 2 36
i2 0.000000 12.000000 18 1 2 36
i2 0.000000 12.000000 19 1 2 36
i2 0.000000 12.000000 18 1 2 36
i3 0.000000 12.000000 15 1 3 36
i3 0.000000 12.000000 14 1 3 36
i3 0.000000 12.000000 14 1 3 36
i3 0.000000 12.000000 16 1 3 36
i3 0.000000 12.000000 17 1 3 36
i1 0.000000 12.000000 17 1 1 36
i1 0.000000 12.000000 16 1 1 36
i1 0.000000 12.000000 14 1 1 36
i1 0.000000 12.000000 11 1 1 36
i1 0.000000 12.000000 11 1 1 36
i1 0.000000 12.000000 12 1 1 36
i1 0.000000 12.000000 13 1 1 36
i4 0.000000 12.000000 15 1 4 36
i4 0.000000 12.000000 16 1 4 36
i4 0.000000 12.000000 16 1 4 36
i4 0.000000 12.000000 15 1 4 36
i4 0.000000 12.000000 15 1 4 36
i4 0.000000 12.000000 14 1 4 36
i4 0.000000 12.000000 15 1 4 36
i4 0.000000 12.000000 17 1 4 36
i4 0.000000 12.000000 19 1 4 36
i4 0.000000 12.000000 19 1 4 36
i4 0.000000 12.000000 18 1 4 36
i4 0.000000 12.000000 17 1 4 36
i4 0.000000 12.000000 16 1 4 36
i4 0.000000 12.000000 16 1 4 36
i4 0.000000 12.000000 15 1 4 36
i4 0.000000 12.000000 14 1 4 36
i4 0.000000 12.000000 15 1 4 36
i4 0.000000 12.000000 15 1 4 36
i4 0.000000 12.000000 16 1 4 36
i4 0.000000 12.000000 16 1 4 36
i4 0.000000 12.000000 16 1 4 36
i4 0.000000 12.000000 15 1 4 36
i4 0.000000 12.000000 15 1 4 36
i4 0.000000 12.000000 15 1 4 36
i2 0.000000 12.000000 20 1 2 38
i2 0.000000 12.000000 22 1 2 38
i2 0.000000 12.000000 23 1 2 38
i2 0.000000 12.000000 23 1 2 38
i2 0.000000 12.000000 23 1 2 38
i2 0.000000 12.000000 23 1 2 38
i2 0.000000 12.000000 24 1 2 38
i2 0.000000 12.000000 23 1 2 38
i2 0.000000 12.000000 22 1 2 38
i2 0.000000 12.000000 22 1 2 38
i2 0.000000 12.000000 21 1 2 38
i2 0.000000 12.000000 21 1 2 38
i2 0.000000 12.000000 21 1 2 38
i2 0.000000 12.000000 21 1 2 38
i2 0.000000 12.000000 21 1 2 38
i2 0.000000 12.000000 20 1 2 38
i2 0.000000 12.000000 21 1 2 38
i2 0.000000 12.000000 21 1 2 38
i2 0.000000 12.000000 20 1 2 38
i2 0.000000 12.000000 19 1 2 38
i2 0.000000 12.000000 17 1 2 38
i2 0.000000 12.000000 16 1 2 38
i2 0.000000 12.000000 16 1 2 38
i2 0.000000 12.000000 17 1 2 38
i2 0.000000 12.000000 18 1 2 38
i2 0.000000 12.000000 19 1 2 38
i2 0.000000 12.000000 17 1 2 38
i1 0.000000 12.000000 15 1 1 38
i1 0.000000 12.000000 13 1 1 38
i1 0.000000 12.000000 12 1 1 38
i1 0.000000 12.000000 13 1 1 38
i1 0.000000 12.000000 14 1 1 38
i1 0.000000 12.000000 14 1 1 38
i1 0.000000 12.000000 13 1 1 38
i1 0.000000 12.000000 12 1 1 38
i1 0.000000 12.000000 10 1 1 38
i1 0.000000 12.000000 9 1 1 38
i1 0.000000 12.000000 10 1 1 38
i1 0.000000 12.000000 11 1 1 38
i4 0.000000 12.000000 13 1 4 38
i4 0.000000 12.000000 15 1 4 38
i4 0.000000 12.000000 15 1 4 38
i4 0.000000 12.000000 15 1 4 38
i4 0.000000 12.000000 14 1 4 38
i4 0.000000 12.000000 13 1 4 38
i4 0.000000 12.000000 13 1 4 38
i4 0.000000 12.000000 14 1 4 38
i4 0.000000 12.000000 17 1 4 38
i4 0.000000 12.000000 18 1 4 38
i4 0.000000 12.000000 18 1 4 38
i4 0.000000 12.000000 16 1 4 38
i4 0.000000 12.000000 16 1 4 38
i4 0.000000 12.000000 15 1 4 38
i4 0.000000 12.000000 15 1 4 38
i4 0.000000 12.000000 14 1 4 38
i4 0.000000 12.000000 14 1 4 38
i4 0.000000 12.000000 15 1 4 38
i4 0.000000 12.000000 16 1 4 38
i4 0.000000 12.000000 16 1 4 38
i4 0.000000 12.000000 16 1 4 38
i4 0.000000 12.000000 15 1 4 38
i4 0.000000 12.000000 15 1 4 38
i4 0.000000 12.000000 15 1 4 38
i4 0.000000 12.000000 16 1 4 38
i2 0.000000 12.000000 19 1 2 40
i2 0.000000 12.000000 22 1 2 40
i2 0.000000 12.000000 23 1 2 40
i2 0.000000 12.000000 23 1 2 40
i2 0.000000 12.000000 22 1 2 40
i2 0.000000 12.000000 22 1 2 40
i2 0.000000 12.000000 23 1 2 40
i2 0.000000 12.000000 23 1 2 40
i2 0.000000 12.000000 23 1 2 40
i2 0.000000 12.000000 22 1 2 40
i2 0.000000 12.000000 22 1 2 40
i2 0.000000 12.000000 21 1 2 40
i2 0.000000 12.000000 21 1 2 40
i2 0.000000 12.000000 21 1 2 40
i2 0.000000 12.000000 21 1 2 40
i2 0.000000 12.000000 21 1 2 40
i2 0.000000 12.000000 21 1 2 40
i2 0.000000 12.000000 21 1 2 40
i2 0.000000 12.000000 20 1 2 40
i2 0.000000 12.000000 20 1 2 40
i2 0.000000 12.000000 19 1 2 40
i2 0.000000 12.000000 18 1 2 40
i2 0.000000 12.000000 17 1 2 40
i2 0.000000 12.000000 17 1 2 40
i2 0.000000 12.000000 17 1 2 40
i2 0.000000 12.000000 17 1 2 40
i2 0.000000 12.000000 17 1 2 40
i2 0.000000 12.000000 16 1 2 40
i1 0.000000 12.000000 14 1 1 40
i1 0.000000 12.000000 12 1 1 40
i1 0.000000 12.000000 10 1 1 40
i1 0.000000 12.000000 11 1 1 40
i1 0.000000 12.000000 11 1 1 40
i1 0.000000 12.000000 11 1 1 40
i1 0.000000 12.000000 11 1 1 40
i1 0.000000 12.000000 10 1 1 40
i1 0.000000 12.000000 9 1 1 40
i1 0.000000 12.000000 8 1 1 40
i1 0.000000 12.000000 9 1 1 40
i1 0.000000 12.000000 10 1 1 40
i4 0.000000 12.000000 11 1 4 40
i4 0.000000 12.000000 13 1 4 40
i4 0.000000 12.000000 14 1 4 40
i4 0.000000 12.000000 14 1 4 40
i4 0.000000 12.000000 13 1 4 40
i4 0.000000 12.000000 12 1 4 40
i4 0.000000 12.000000 11 1 4 40
i4 0.000000 12.000000 12 1 4 40
i4 0.000000 12.000000 13 1 4 40
i4 0.000000 12.000000 15 1 4 40
i4 0.000000 12.000000 16 1 4 40
i4 0.000000 12.000000 15 1 4 40
i4 0.000000 12.000000 15 1 4 40
i4 0.000000 12.000000 14 1 4 40
i4 0.000000 12.000000 14 1 4 40
i4 0.000000 12.000000 13 1 4 40
i4 0.000000 12.000000 14 1 4 40
i4 0.000000 12.000000 14 1 4 40
i4 0.000000 12.000000 15 1 4 40
i4 0.000000 12.000000 16 1 4 40
i4 0.000000 12.000000 16 1 4 40
i4 0.000000 12.000000 16 1 4 40
i4 0.000000 12.000000 15 1 4 40
i4 0.000000 12.000000 16 1 4 40
i4 0.000000 12.000000 17 1 4 40
i4 0.000000 12.000000 17 1 4 40
i4 0.000000 12.000000 18 1 4 40
i4 0.000000 12.000000 18 1 4 40
i2 0.000000 12.000000 18 1 2 42
i2 0.000000 12.000000 22 1 2 42
i2 0.000000 12.000000 23 1 2 42
i2 0.000000 12.000000 23 1 2 42
i2 0.000000 12.000000 22 1 2 42
i2 0.000000 12.000000 22 1 2 42
i2 0.000000 12.000000 22 1 2 42
i2 0.000000 12.000000 22 1 2 42
i2 0.000000 12.000000 23 1 2 42
i2 0.000000 12.000000 23 1 2 42
i2 0.000000 12.000000 22 1 2 42
i2 0.000000 12.000000 21 1 2 42
i2 0.000000 12.000000 20 1 2 42
i2 0.000000 12.000000 20 1 2 42
i2 0.000000 12.000000 20 1 2 42
i2 0.000000 12.000000 20 1 2 42
i2 0.000000 12.000000 20 1 2 42
i2 0.000000 12.000000 20 1 2 42
i2 0.000000 12.000000 19 1 2 42
i2 0.000000 12.000000 18 1 2 42
i2 0.000000 12.000000 18 1 2 42
i2 0.000000 12.000000 17 1 2 42
i2 0.000000 12.000000 17 1 2 42
i2 0.000000 12.000000 17 1 2 42
i2 0.000000 12.000000 16 1 2 42
i2 0.000000 12.000000 16 1 2 42
i2 0.000000 12.000000 16 1 2 42
i2 0.000000 12.000000 16 1 2 42
i2 0.000000 12.000000 15 1 2 42
i1 0.000000 12.000000 13 1 1 42
i1 0.000000 12.000000 11 1 1 42
i1 0.000000 12.000000 9 1 1 42
i1 0.000000 12.000000 9 1 1 42
i1 0.000000 12.000000 9 1 1 42
i1 0.000000 12.000000 9 1 1 42
i1 0.000000 12.000000 9 1 1 42
i1 0.000000 12.000000 9 1 1 42
i1 0.000000 12.000000 8 1 1 42
i1 0.000000 12.000000 8 1 1 42
i1 0.000000 12.000000 8 1 1 42
i1 0.000000 12.000000 9 1 1 42
i4 0.000000 12.000000 10 1 4 42
i4 0.000000 12.000000 11 1 4 42
i4 0.000000 12.000000 12 1 4 42
i4 0.000000 12.000000 12 1 4 42
i4 0.000000 12.000000 12 1 4 42
i4 0.000000 12.000000 11 1 4 42
i4 0.000000 12.000000 10 1 4 42
i4 0.000000 12.000000 10 1 4 42
i4 0.000000 12.000000 11 1 4 42
i4 0.000000 12.000000 12 1 4 42
i4 0.000000 12.000000 13 1 4 42
i4 0.000000 12.000000 12 1 4 42
i4 0.000000 12.000000 13 1 4 42
i4 0.000000 12.000000 13 1 4 42
i4 0.000000 12.000000 12 1 4 42
i4 0.000000 12.000000 12 1 4 42
i4 0.000000 12.000000 13 1 4 42
i4 0.000000 12.000000 14 1 4 42
i4 0.000000 12.000000 15 1 4 42
i4 0.000000 12.000000 16 1 4 42
i4 0.000000 12.000000 17 1 4 42
i4 0.000000 12.000000 17 1 4 42
i4 0.000000 12.000000 16 1 4 42
i4 0.000000 12.000000 16 1 4 42
i4 0.000000 12.000000 17 1 4 42
i4 0.000000 12.000000 18 1 4 42
i4 0.000000 12.000000 18 1 4 42
i4 0.000000 12.000000 18 1 4 42
i4 0.000000 12.000000 17 1 4 42
i2 0.000000 12.000000 21 1 2 44
i2 0.000000 12.000000 23 1 2 44
i2 0.000000 12.000000 23 1 2 44
i2 0.000000 12.000000 22 1 2 44
i2 0.000000 12.000000 22 1 2 44
i2 0.000000 12.000000 21 1 2 44
i2 0.000000 12.000000 21 1 2 44
i2 0.000000 12.000000 21 1 2 44
i2 0.000000 12.000000 21 1 2 44
i2 0.000000 12.000000 21 1 2 44
i2 0.000000 12.000000 20 1 2 44
i2 0.000000 12.000000 19 1 2 44
i2 0.000000 12.000000 19 1 2 44
i2 0.000000 12.000000 18 1 2 44
i2 0.000000 12.000000 17 1 2 44
i2 0.000000 12.000000 17 1 2 44
i2 0.000000 12.000000 18 1 2 44
i2 0.000000 12.000000 17 1 2 44
i2 0.000000 12.000000 17 1 2 44
i2 0.000000 12.000000 16 1 2 44
i2 0.000000 12.000000 15 1 2 44
i2 0.000000 12.000000 14 1 2 44
i2 0.000000 12.000000 15 1 2 44
i2 0.000000 12.000000 15 1 2 44
i2 0.000000 12.000000 15 1 2 44
i2 0.000000 12.000000 14 1 2 44
i2 0.000000 12.000000 13 1 2 44
i2 0.000000 12.000000 13 1 2 44
i2 0.000000 12.000000 12 1 2 44
i1 0.000000 12.000000 11 1 1 44
i1 0.000000 12.000000 10 1 1 44
i1 0.000000 12.000000 9 1 1 44
i1 0.000000 12.000000 8 1 1 44
i1 0.000000 12.000000 9 1 1 44
i1 0.000000 12.000000 9 1 1 44
i1 0.000000 12.000000 8 1 1 44
i1 0.000000 12.000000 8 1 1 44
i1 0.000000 12.000000 8 1 1 44
i1 0.000000 12.000000 8 1 1 44
i1 0.000000 12.000000 9 1 1 44
i1 0.000000 12.000000 9 1 1 44
i4 0.000000 12.000000 9 1 4 44
i4 0.000000 12.000000 10 1 4 44
i4 0.000000 12.000000 10 1 4 44
i4 0.000000 12.000000 11 1 4 44
i4 0.000000 12.000000 11 1 4 44
i4 0.000000 12.000000 10 1 4 44
i4 0.000000 12.000000 9 1 4 44
i4 0.000000 12.000000 9 1 4 44
i4 0.000000 12.000000 9 1 4 44
i4 0.000000 12.000000 10 1 4 44
i4 0.000000 12.000000 10 1 4 44
i4 0.000000 12.000000 11 1 4 44
i4 0.000000 12.000000 11 1 4 44
i4 0.000000 12.000000 11 1 4 44
i4 0.000000 12.000000 11 1 4 44
i4 0.000000 12.000000 11 1 4 44
i4 0.000000 12.000000 12 1 4 44
i4 0.000000 12.000000 14 1 4 44
i4 0.000000 12.000000 16 1 4 44
i4 0.000000 12.000000 17 1 4 44
i4 0.000000 12.000000 18 1 4 44
i4 0.000000 12.000000 17 1 4 44
i4 0.000000 12.000000 17 1 4 44
i4 0.000000 12.000000 17 1 4 44
i4 0.000000 12.000000 17 1 4 44
i4 0.000000 12.000000 18 1 4 44
i4 0.000000 12.000000 18 1 4 44
i4 0.000000 12.000000 17 1 4 44
i4 0.000000 12.000000 16 1 4 44
i2 0.000000 12.000000 17 1 2 46
i2 0.000000 12.000000 23 1 2 46
i2 0.000000 12.000000 24 1 2 46
i2 0.000000 12.000000 23 1 2 46
i2 0.000000 12.000000 22 1 2 46
i2 0.000000 12.000000 21 1 2 46
i2 0.000000 12.000000 21 1 2 46
i2 0.000000 12.000000 20 1 2 46
i2 0.000000 12.000000 19 1 2 46
i2 0.000000 12.000000 19 1 2 46
i2 0.000000 12.000000 18 1 2 46
i2 0.000000 12.000000 18 1 2 46
i2 0.000000 12.000000 17 1 2 46
i2 0.000000 12.000000 16 1 2 46
i2 0.000000 12.000000 16 1 2 46
i2 0.000000 12.000000 15 1 2 46
i2 0.000000 12.000000 14 1 2 46
i2 0.000000 12.000000 15 1 2 46
i2 0.000000 12.000000 15 1 2 46
i2 0.000000 12.000000 14 1 2 46
i2 0.000000 12.000000 14 1 2 46
i2 0.000000 12.000000 13 1 2 46
i2 0.000000 12.000000 13 1 2 46
i2 0.000000 12.000000 13 1 2 46
i2 0.000000 12.000000 13 1 2 46
i2 0.000000 12.000000 13 1 2 46
i2 0.000000 12.000000 12 1 2 46
i2 0.000000 12.000000 11 1 2 46
i2 0.000000 12.000000 11 1 2 46
i2 0.000000 12.000000 11 1 2 46
i1 0.000000 12.000000 10 1 1 46
i1 0.000000 12.000000 9 1 1 46
i1 0.000000 12.000000 9 1 1 46
i1 0.000000 12.000000 9 1 1 46
i1 0.000000 12.000000 9 1 1 46
i1 0.000000 12.000000 9 1 1 46
i1 0.000000 12.000000 9 1 1 46
i1 0.000000 12.000000 8 1 1 46
i1 0.000000 12.000000 8 1 1 46
i1 0.000000 12.000000 9 1 1 46
i1 0.000000 12.000000 10 1 1 46
i1 0.000000 12.000000 10 1 1 46
i4 0.000000 12.000000 10 1 4 46
i4 0.000000 12.000000 10 1 4 46
i4 0.000000 12.000000 10 1 4 46
i4 0.000000 12.000000 10 1 4 46
i4 0.000000 12.000000 10 1 4 46
i4 0.000000 12.000000 10 1 4 46
i4 0.000000 12.000000 10 1 4 46
i4 0.000000 12.000000 10 1 4 46
i4 0.000000 12.000000 10 1 4 46
i4 0.000000 12.000000 10 1 4 46
i4 0.000000 12.000000 10 1 4 46
i4 0.000000 12.000000 10 1 4 46
i4 0.000000 12.000000 10 1 4 46
i4 0.000000 12.000000 10 1 4 46
i4 0.000000 12.000000 10 1 4 46
i4 0.000000 12.000000 12 1 4 46
i4 0.000000 12.000000 14 1 4 46
i4 0.000000 12.000000 15 1 4 46
i4 0.000000 12.000000 17 1 4 46
i4 0.000000 12.000000 18 1 4 46
i4 0.000000 12.000000 19 1 4 46
i4 0.000000 12.000000 18 1 4 46
i4 0.000000 12.000000 17 1 4 46
i4 0.000000 12.000000 17 1 4 46
i4 0.000000 12.000000 17 1 4 46
i4 0.000000 12.000000 18 1 4 46
i4 0.000000 12.000000 17 1 4 46
i4 0.000000 12.000000 16 1 4 46
i2 0.000000 12.000000 19 1 2 48
i2 0.000000 12.000000 23 1 2 48
i2 0.000000 12.000000 24 1 2 48
i2 0.000000 12.000000 22 1 2 48
i2 0.000000 12.000000 21 1 2 48
i2 0.000000 12.000000 21 1 2 48
i2 0.000000 12.000000 21 1 2 48
i2 0.000000 12.000000 20 1 2 48
i2 0.000000 12.000000 18 1 2 48
i2 0.000000 12.000000 17 1 2 48
i2 0.000000 12.000000 15 1 2 48
i2 0.000000 12.000000 15 1 2 48
i2 0.000000 12.000000 15 1 2 48
i2 0.000000 12.000000 14 1 2 48
i2 0.000000 12.000000 14 1 2 48
i2 0.000000 12.000000 13 1 2 48
i2 0.000000 12.000000 13 1 2 48
i2 0.000000 12.000000 13 1 2 48
i2 0.000000 12.000000 13 1 2 48
i2 0.000000 12.000000 14 1 2 48
i2 0.000000 12.000000 14 1 2 48
i2 0.000000 12.000000 13 1 2 48
i2 0.000000 12.000000 13 1 2 48
i2 0.000000 12.000000 13 1 2 48
i2 0.000000 12.000000 13 1 2 48
i2 0.000000 12.000000 12 1 2 48
i2 0.000000 12.000000 11 1 2 48
i2 0.000000 12.000000 11 1 2 48
i2 0.000000 12.000000 11 1 2 48
i2 0.000000 12.000000 11 1 2 48
i1 0.000000 12.000000 10 1 1 48
i1 0.000000 12.000000 10 1 1 48
i1 0.000000 12.000000 9 1 1 48
i1 0.000000 12.000000 9 1 1 48
i1 0.000000 12.000000 9 1 1 48
i1 0.000000 12.000000 10 1 1 48
i1 0.000000 12.000000 10 1 1 48
i1 0.000000 12.000000 9 1 1 48
i1 0.000000 12.000000 10 1 1 48
i1 0.000000 12.000000 10 1 1 48
i1 0.000000 12.000000 11 1 1 48
i1 0.000000 12.000000 12 1 1 48
i4 0.000000 12.000000 12 1 4 48
i4 0.000000 12.000000 11 1 4 48
i4 0.000000 12.000000 10 1 4 48
i4 0.000000 12.000000 10 1 4 48
i4 0.000000 12.000000 11 1 4 48
i4 0.000000 12.000000 11 1 4 48
i4 0.000000 12.000000 11 1 4 48
i4 0.000000 12.000000 11 1 4 48
i4 0.000000 12.000000 11 1 4 48
i4 0.000000 12.000000 11 1 4 48
i4 0.000000 12.000000 10 1 4 48
i4 0.000000 12.000000 10 1 4 48
i4 0.000000 12.000000 10 1 4 48
i4 0.000000 12.000000 10 1 4 48
i4 0.000000 12.000000 11 1 4 48
i4 0.000000 12.000000 13 1 4 48
i4 0.000000 12.000000 16 1 4 48
i4 0.000000 12.000000 18 1 4 48
i4 0.000000 12.000000 19 1 4 48
i4 0.000000 12.000000 19 1 4 48
i4 0.000000 12.000000 19 1 4 48
i4 0.000000 12.000000 18 1 4 48
i4 0.000000 12.000000 17 1 4 48
i4 0.000000 12.000000 17 1 4 48
i4 0.000000 12.000000 17 1 4 48
i4 0.000000 12.000000 17 1 4 48
i4 0.000000 12.000000 16 1 4 48
i2 0.000000 12.000000 20 1 2 50
i2 0.000000 12.000000 22 1 2 50
i2 0.000000 12.000000 22 1 2 50
i2 0.000000 12.000000 21 1 2 50
i2 0.000000 12.000000 20 1 2 50
i2 0.000000 12.000000 21 1 2 50
i2 0.000000 12.000000 21 1 2 50
i2 0.000000 12.000000 20 1 2 50
i2 0.000000 12.000000 18 1 2 50
i2 0.000000 12.000000 16 1 2 50
i2 0.000000 12.000000 14 1 2 50
i2 0.000000 12.000000 13 1 2 50
i2 0.000000 12.000000 13 1 2 50
i2 0.000000 12.000000 13 1 2 50
i2 0.000000 12.000000 13 1 2 50
i2 0.000000 12.000000 13 1 2 50
i2 0.000000 12.000000 13 1 2 50
i2 0.000000 12.000000 13 1 2 50
i2 0.000000 12.000000 14 1 2 50
i2 0.000000 12.000000 15 1 2 50
i2 0.000000 12.000000 15 1 2 50
i2 0.000000 12.000000 16 1 2 50
i2 0.000000 12.000000 15 1 2 50
i2 0.000000 12.000000 15 1 2 50
i2 0.000000 12.000000 14 1 2 50
i2 0.000000 12.000000 13 1 2 50
i2 0.000000 12.000000 12 1 2 50
i2 0.000000 12.000000 12 1 2 50
i2 0.000000 12.000000 12 1 2 50
i2 0.000000 12.000000 12 1 2 50
i1 0.000000 12.000000 12 1 1 50
i1 0.000000 12.000000 12 1 1 50
i1 0.000000 12.000000 12 1 1 50
i1 0.000000 12.000000 11 1 1 50
i1 0.000000 12.000000 11 1 1 50
i1 0.000000 12.000000 12 1 1 50
i1 0.000000 12.000000 12 1 1 50
i1 0.000000 12.000000 12 1 1 50
i1 0.000000 12.000000 12 1 1 50
i1 0.000000 12.000000 13 1 1 50
i1 0.000000 12.000000 14 1 1 50
i1 0.000000 12.000000 15 1 1 50
i4 0.000000 12.000000 15 1 4 50
i4 0.000000 12.000000 13 1 4 50
i4 0.000000 12.000000 12 1 4 50
i4 0.000000 12.000000 13 1 4 50
i4 0.000000 12.000000 13 1 4 50
i4 0.000000 12.000000 14 1 4 50
i4 0.000000 12.000000 14 1 4 50
i4 0.000000 12.000000 14 1 4 50
i4 0.000000 12.000000 13 1 4 50
i4 0.000000 12.000000 13 1 4 50
i4 0.000000 12.000000 12 1 4 50
i4 0.000000 12.000000 11 1 4 50
i4 0.000000 12.000000 11 1 4 50
i4 0.000000 12.000000 11 1 4 50
i4 0.000000 12.000000 12 1 4 50
i4 0.000000 12.000000 16 1 4 50
i4 0.000000 12.000000 19 1 4 50
i4 0.000000 12.000000 20 1 4 50
i4 0.000000 12.000000 20 1 4 50
i4 0.000000 12.000000 19 1 4 50
i4 0.000000 12.000000 19 1 4 50
i4 0.000000 12.000000 18 1 4 50
i4 0.000000 12.000000 18 1 4 50
i4 0.000000 12.000000 17 1 4 50
i4 0.000000 12.000000 17 1 4 50
i4 0.000000 12.000000 16 1 4 50
i4 0.000000 12.000000 15 1 4 50
i2 0.000000 12.000000 18 1 2 52
i2 0.000000 12.000000 21 1 2 52
i2 0.000000 12.000000 21 1 2 52
i2 0.000000 12.000000 20 1 2 52
i2 0.000000 12.000000 20 1 2 52
i2 0.000000 12.000000 20 1 2 52
i2 0.000000 12.000000 20 1 2 52
i2 0.000000 12.000000 20 1 2 52
i2 0.000000 12.000000 20 1 2 52
i2 0.000000 12.000000 18 1 2 52
i2 0.000000 12.000000 15 1 2 52
i2 0.000000 12.000000 13 1 2 52
i2 0.000000 12.000000 13 1 2 52
i2 0.000000 12.000000 13 1 2 52
i2 0.000000 12.000000 13 1 2 52
i2 0.000000 12.000000 14 1 2 52
i2 0.000000 12.000000 14 1 2 52
i2 0.000000 12.000000 14 1 2 52
i2 0.000000 12.000000 15 1 2 52
i2 0.000000 12.000000 17 1 2 52
i2 0.000000 12.000000 18 1 2 52
i2 0.000000 12.000000 18 1 2 52
i2 0.000000 12.000000 18 1 2 52
i2 0.000000 12.000000 18 1 2 52
i2 0.000000 12.000000 17 1 2 52
i2 0.000000 12.000000 17 1 2 52
i2 0.000000 12.000000 15 1 2 52
i2 0.000000 12.000000 14 1 2 52
i2 0.000000 12.000000 14 1 2 52
i2 0.000000 12.000000 15 1 2 52
i2 0.000000 12.000000 15 1 2 52
i1 0.000000 12.000000 15 1 1 52
i1 0.000000 12.000000 15 1 1 52
i1 0.000000 12.000000 15 1 1 52
i1 0.000000 12.000000 15 1 1 52
i1 0.000000 12.000000 15 1 1 52
i1 0.000000 12.000000 16 1 1 52
i1 0.000000 12.000000 16 1 1 52
i1 0.000000 12.000000 16 1 1 52
i1 0.000000 12.000000 15 1 1 52
i1 0.000000 12.000000 15 1 1 52
i1 0.000000 12.000000 17 1 1 52
i1 0.000000 12.000000 18 1 1 52
i4 0.000000 12.000000 17 1 4 52
i4 0.000000 12.000000 16 1 4 52
i4 0.000000 12.000000 16 1 4 52
i4 0.000000 12.000000 16 1 4 52
i4 0.000000 12.000000 17 1 4 52
i4 0.000000 12.000000 17 1 4 52
i4 0.000000 12.000000 17 1 4 52
i4 0.000000 12.000000 16 1 4 52
i4 0.000000 12.000000 16 1 4 52
i4 0.000000 12.000000 15 1 4 52
i4 0.000000 12.000000 14 1 4 52
i4 0.000000 12.000000 13 1 4 52
i4 0.000000 12.000000 13 1 4 52
i4 0.000000 12.000000 13 1 4 52
i4 0.000000 12.000000 14 1 4 52
i4 0.000000 12.000000 17 1 4 52
i4 0.000000 12.000000 21 1 4 52
i4 0.000000 12.000000 22 1 4 52
i4 0.000000 12.000000 21 1 4 52
i4 0.000000 12.000000 19 1 4 52
i4 0.000000 12.000000 19 1 4 52
i4 0.000000 12.000000 18 1 4 52
i4 0.000000 12.000000 17 1 4 52
i4 0.000000 12.000000 17 1 4 52
i4 0.000000 12.000000 15 1 4 52
i4 0.000000 12.000000 14 1 4 52
i4 0.000000 12.000000 14 1 4 52
i2 0.000000 12.000000 20 1 2 54
i2 0.000000 12.000000 21 1 2 54
i2 0.000000 12.000000 20 1 2 54
i2 0.000000 12.000000 20 1 2 54
i2 0.000000 12.000000 20 1 2 54
i2 0.000000 12.000000 20 1 2 54
i2 0.000000 12.000000 21 1 2 54
i2 0.000000 12.000000 20 1 2 54
i2 0.000000 12.000000 20 1 2 54
i2 0.000000 12.000000 18 1 2 54
i2 0.000000 12.000000 16 1 2 54
i2 0.000000 12.000000 14 1 2 54
i2 0.000000 12.000000 14 1 2 54
i2 0.000000 12.000000 14 1 2 54
i2 0.000000 12.000000 15 1 2 54
i2 0.000000 12.000000 16 1 2 54
i2 0.000000 12.000000 16 1 2 54
i2 0.000000 12.000000 17 1 2 54
i2 0.000000 12.000000 18 1 2 54
i2 0.000000 12.000000 20 1 2 54
i2 0.000000 12.000000 20 1 2 54
i2 0.000000 12.000000 20 1 2 54
i2 0.000000 12.000000 19 1 2 54
i2 0.000000 12.000000 19 1 2 54
i2 0.000000 12.000000 19 1 2 54
i2 0.000000 12.000000 19 1 2 54
i2 0.000000 12.000000 18 1 2 54
i2 0.000000 12.000000 17 1 2 54
i2 0.000000 12.000000 17 1 2 54
i2 0.000000 12.000000 18 1 2 54
i2 0.000000 12.000000 18 1 2 54
i1 0.000000 12.000000 18 1 1 54
i1 0.000000 12.000000 18 1 1 54
i1 0.000000 12.000000 18 1 1 54
i1 0.000000 12.000000 18 1 1 54
i1 0.000000 12.000000 19 1 1 54
i1 0.000000 12.000000 20 1 1 54
i1 0.000000 12.000000 20 1 1 54
i1 0.000000 12.000000 19 1 1 54
i1 0.000000 12.000000 18 1 1 54
i1 0.000000 12.000000 18 1 1 54
i1 0.000000 12.000000 19 1 1 54
i1 0.000000 12.000000 19 1 1 54
i4 0.000000 12.000000 19 1 4 54
i4 0.000000 12.000000 19 1 4 54
i4 0.000000 12.000000 18 1 4 54
i4 0.000000 12.000000 19 1 4 54
i4 0.000000 12.000000 19 1 4 54
i4 0.000000 12.000000 20 1 4 54
i4 0.000000 12.000000 20 1 4 54
i4 0.000000 12.000000 19 1 4 54
i4 0.000000 12.000000 18 1 4 54
i4 0.000000 12.000000 17 1 4 54
i4 0.000000 12.000000 16 1 4 54
i4 0.000000 12.000000 16 1 4 54
i4 0.000000 12.000000 15 1 4 54
i4 0.000000 12.000000 15 1 4 54
i4 0.000000 12.000000 16 1 4 54
i4 0.000000 12.000000 18 1 4 54
i4 0.000000 12.000000 21 1 4 54
i4 0.000000 12.000000 22 1 4 54
i4 0.000000 12.000000 22 1 4 54
i4 0.000000 12.000000 20 1 4 54
i4 0.000000 12.000000 19 1 4 54
i4 0.000000 12.000000 18 1 4 54
i4 0.000000 12.000000 17 1 4 54
i4 0.000000 12.000000 15 1 4 54
i4 0.000000 12.000000 13 1 4 54
i4 0.000000 12.000000 13 1 4 54
i4 0.000000 12.000000 14 1 4 54
i2 0.000000 12.000000 18 1 2 56
i2 0.000000 12.000000 21 1 2 56
i2 0.000000 12.000000 21 1 2 56
i2 0.000000 12.000000 20 1 2 56
i2 0.000000 12.000000 20 1 2 56
i2 0.000000 12.000000 20 1 2 56
i2 0.000000 12.000000 21 1 2 56
i2 0.000000 12.000000 21 1 2 56
i2 0.000000 12.000000 21 1 2 56
i2 0.000000 12.000000 20 1 2 56
i2 0.000000 12.000000 19 1 2 56
i2 0.000000 12.000000 18 1 2 56
i2 0.000000 12.000000 17 1 2 56
i2 0.000000 12.000000 16 1 2 56
i2 0.000000 12.000000 17 1 2 56
i2 0.000000 12.000000 18 1 2 56
i2 0.000000 12.000000 18 1 2 56
i2 0.000000 12.000000 19 1 2 56
i2 0.000000 12.000000 19 1 2 56
i2 0.000000 12.000000 20 1 2 56
i2 0.000000 12.000000 22 1 2 56
i2 0.000000 12.000000 21 1 2 56
i2 0.000000 12.000000 20 1 2 56
i2 0.000000 12.000000 19 1 2 56
i2 0.000000 12.000000 19 1 2 56
i2 0.000000 12.000000 20 1 2 56
i2 0.000000 12.000000 21 1 2 56
i2 0.000000 12.000000 21 1 2 56
i2 0.000000 12.000000 20 1 2 56
i2 0.000000 12.000000 20 1 2 56
i2 0.000000 12.000000 21 1 2 56
i2 0.000000 12.000000 20 1 2 56
i1 0.000000 12.000000 19 1 1 56
i1 0.000000 12.000000 20 1 1 56
i1 0.000000 12.000000 21 1 1 56
i1 0.000000 12.000000 21 1 1 56
i1 0.000000 12.000000 22 1 1 56
i1 0.000000 12.000000 23 1 1 56
i1 0.000000 12.000000 22 1 1 56
i1 0.000000 12.000000 21 1 1 56
i1 0.000000 12.000000 20 1 1 56
i1 0.000000 12.000000 20 1 1 56
i1 0.000000 12.000000 20 1 1 56
i1 0.000000 12.000000 19 1 1 56
i4 0.000000 12.000000 19 1 4 56
i4 0.000000 12.000000 20 1 4 56
i4 0.000000 12.000000 21 1 4 56
i4 0.000000 12.000000 21 1 4 56
i4 0.000000 12.000000 21 1 4 56
i4 0.000000 12.000000 22 1 4 56
i4 0.000000 12.000000 23 1 4 56
i4 0.000000 12.000000 22 1 4 56
i4 0.000000 12.000000 20 1 4 56
i4 0.000000 12.000000 19 1 4 56
i4 0.000000 12.000000 18 1 4 56
i4 0.000000 12.000000 18 1 4 56
i4 0.000000 12.000000 17 1 4 56
i4 0.000000 12.000000 17 1 4 56
i4 0.000000 12.000000 18 1 4 56
i4 0.000000 12.000000 19 1 4 56
i4 0.000000 12.000000 21 1 4 56
i4 0.000000 12.000000 23 1 4 56
i4 0.000000 12.000000 23 1 4 56
i4 0.000000 12.000000 22 1 4 56
i4 0.000000 12.000000 21 1 4 56
i4 0.000000 12.000000 18 1 4 56
i4 0.000000 12.000000 15 1 4 56
i4 0.000000 12.000000 12 1 4 56
i4 0.000000 12.000000 11 1 4 56
i4 0.000000 12.000000 12 1 4 56
i4 0.000000 12.000000 13 1 4 56
i2 0.000000 12.000000 18 1 2 58
i2 0.000000 12.000000 20 1 2 58
i2 0.000000 12.000000 19 1 2 58
i2 0.000000 12.000000 19 1 2 58
i2 0.000000 12.000000 19 1 2 58
i2 0.000000 12.000000 20 1 2 58
i2 0.000000 12.000000 21 1 2 58
i2 0.000000 12.000000 22 1 2 58
i2 0.000000 12.000000 21 1 2 58
i2 0.000000 12.000000 20 1 2 58
i2 0.000000 12.000000 20 1 2 58
i2 0.000000 12.000000 19 1 2 58
i2 0.000000 12.000000 19 1 2 58
i2 0.000000 12.000000 19 1 2 58
i2 0.000000 12.000000 19 1 2 58
i2 0.000000 12.000000 20 1 2 58
i2 0.000000 12.000000 21 1 2 58
i2 0.000000 12.000000 21 1 2 58
i2 0.000000 12.000000 21 1 2 58
i2 0.000000 12.000000 22 1 2 58
i2 0.000000 12.000000 22 1 2 58
i2 0.000000 12.000000 21 1 2 58
i2 0.000000 12.000000 19 1 2 58
i2 0.000000 12.000000 18 1 2 58
i2 0.000000 12.000000 19 1 2 58
i2 0.000000 12.000000 21 1 2 58
i2 0.000000 12.000000 22 1 2 58
i2 0.000000 12.000000 23 1 2 58
i2 0.000000 12.000000 22 1 2 58
i2 0.000000 12.000000 22 1 2 58
i2 0.000000 12.000000 21 1 2 58
i2 0.000000 12.000000 20 1 2 58
i1 0.000000 12.000000 20 1 1 58
i1 0.000000 12.000000 20 1 1 58
i1 0.000000 12.000000 21 1 1 58
i1 0.000000 12.000000 22 1 1 58
i1 0.000000 12.000000 23 1 1 58
i1 0.000000 12.000000 23 1 1 58
i1 0.000000 12.000000 22 1 1 58
i1 0.000000 12.000000 20 1 1 58
i1 0.000000 12.000000 20 1 1 58
i1 0.000000 12.000000 21 1 1 58
i1 0.000000 12.000000 21 1 1 58
i1 0.000000 12.000000 20 1 1 58
i4 0.000000 12.000000 20 1 4 58
i4 0.000000 12.000000 21 1 4 58
i4 0.000000 12.000000 22 1 4 58
i4 0.000000 12.000000 22 1 4 58
i4 0.000000 12.000000 22 1 4 58
i4 0.000000 12.000000 23 1 4 58
i4 0.000000 12.000000 24 1 4 58
i4 0.000000 12.000000 23 1 4 58
i4 0.000000 12.000000 21 1 4 58
i4 0.000000 12.000000 19 1 4 58
i4 0.000000 12.000000 19 1 4 58
i4 0.000000 12.000000 19 1 4 58
i4 0.000000 12.000000 18 1 4 58
i4 0.000000 12.000000 19 1 4 58
i4 0.000000 12.000000 20 1 4 58
i4 0.000000 12.000000 20 1 4 58
i4 0.000000 12.000000 21 1 4 58
i4 0.000000 12.000000 23 1 4 58
i4 0.000000 12.000000 25 1 4 58
i4 0.000000 12.000000 25 1 4 58
i4 0.000000 12.000000 23 1 4 58
i4 0.000000 12.000000 19 1 4 58
i4 0.000000 12.000000 13 1 4 58
i4 0.000000 12.000000 10 1 4 58
i4 0.000000 12.000000 9 1 4 58
i4 0.000000 12.000000 11 1 4 58
i4 0.000000 12.000000 12 1 4 58
i2 0.000000 12.000000 16 1 2 60
i2 0.000000 12.000000 18 1 2 60
i2 0.000000 12.000000 17 1 2 60
i2 0.000000 12.000000 17 1 2 60
i2 0.000000 12.000000 18 1 2 60
i2 0.000000 12.000000 19 1 2 60
i2 0.000000 12.000000 21 1 2 60
i2 0.000000 12.000000 21 1 2 60
i2 0.000000 12.000000 21 1 2 60
i2 0.000000 12.000000 21 1 2 60
i2 0.000000 12.000000 21 1 2 60
i2 0.000000 12.000000 21 1 2 60
i2 0.000000 12.000000 20 1 2 60
i2 0.000000 12.000000 21 1 2 60
i2 0.000000 12.000000 21 1 2 60
i2 0.000000 12.000000 22 1 2 60
i2 0.000000 12.000000 22 1 2 60
i2 0.000000 12.000000 22 1 2 60
i2 0.000000 12.000000 22 1 2 60
i2 0.000000 12.000000 22 1 2 60
i2 0.000000 12.000000 21 1 2 60
i2 0.000000 12.000000 19 1 2 60
i2 0.000000 12.000000 17 1 2 60
i2 0.000000 12.000000 17 1 2 60
i2 0.000000 12.000000 19 1 2 60
i2 0.000000 12.000000 20 1 2 60
i2 0.000000 12.000000 22 1 2 60
i2 0.000000 12.000000 22 1 2 60
i2 0.000000 12.000000 22 1 2 60
i2 0.000000 12.000000 21 1 2 60
i2 0.000000 12.000000 20 1 2 60
i2 0.000000 12.000000 19 1 2 60
i1 0.000000 12.000000 19 1 1 60
i1 0.000000 12.000000 20 1 1 60
i1 0.000000 12.000000 21 1 1 60
i1 0.000000 12.000000 22 1 1 60
i1 0.000000 12.000000 22 1 1 60
i1 0.000000 12.000000 22 1 1 60
i1 0.000000 12.000000 20 1 1 60
i1 0.000000 12.000000 19 1 1 60
i1 0.000000 12.000000 20 1 1 60
i1 0.000000 12.000000 21 1 1 60
i1 0.000000 12.000000 22 1 1 60
i1 0.000000 12.000000 21 1 1 60
i4 0.000000 12.000000 21 1 4 60
i4 0.000000 12.000000 22 1 4 60
i4 0.000000 12.000000 24 1 4 60
i4 0.000000 12.000000 23 1 4 60
i4 0.000000 12.000000 23 1 4 60
i4 0.000000 12.000000 24 1 4 60
i4 0.000000 12.000000 24 1 4 60
i4 0.000000 12.000000 22 1 4 60
i4 0.000000 12.000000 19 1 4 60
i4 0.000000 12.000000 17 1 4 60
i4 0.000000 12.000000 17 1 4 60
i4 0.000000 12.000000 18 1 4 60
i4 0.000000 12.000000 19 1 4 60
i4 0.000000 12.000000 20 1 4 60
i4 0.000000 12.000000 21 1 4 60
i4 0.000000 12.000000 22 1 4 60
i4 0.000000 12.000000 22 1 4 60
i4 0.000000 12.000000 23 1 4 60
i4 0.000000 12.000000 25 1 4 60
i4 0.000000 12.000000 26 1 4 60
i4 0.000000 12.000000 24 1 4 60
i4 0.000000 12.000000 19 1 4 60
i4 0.000000 12.000000 12 1 4 60
i4 0.000000 12.000000 8 1 4 60
i4 0.000000 12.000000 8 1 4 60
i4 0.000000 12.000000 9 1 4 60
i4 0.000000 12.000000 10 1 4 60
i2 0.000000 12.000000 15 1 2 62
i2 0.000000 12.000000 15 1 2 62
i2 0.000000 12.000000 16 1 2 62
i2 0.000000 12.000000 16 1 2 62
i2 0.000000 12.000000 18 1 2 62
i2 0.000000 12.000000 19 1 2 62
i2 0.000000 12.000000 20 1 2 62
i2 0.000000 12.000000 21 1 2 62
i2 0.000000 12.000000 21 1 2 62
i2 0.000000 12.000000 21 1 2 62
i2 0.000000 12.000000 20 1 2 62
i2 0.000000 12.000000 20 1 2 62
i2 0.000000 12.000000 20 1 2 62
i2 0.000000 12.000000 21 1 2 62
i2 0.000000 12.000000 22 1 2 62
i2 0.000000 12.000000 22 1 2 62
i2 0.000000 12.000000 22 1 2 62
i2 0.000000 12.000000 21 1 2 62
i2 0.000000 12.000000 21 1 2 62
i2 0.000000 12.000000 19 1 2 62
i2 0.000000 12.000000 17 1 2 62
i2 0.000000 12.000000 15 1 2 62
i2 0.000000 12.000000 15 1 2 62
i2 0.000000 12.000000 17 1 2 62
i2 0.000000 12.000000 19 1 2 62
i2 0.000000 12.000000 20 1 2 62
i2 0.000000 12.000000 21 1 2 62
i2 0.000000 12.000000 21 1 2 62
i2 0.000000 12.000000 20 1 2 62
i2 0.000000 12.000000 19 1 2 62
i2 0.000000 12.000000 18 1 2 62
i1 0.000000 12.000000 18 1 1 62
i1 0.000000 12.000000 18 1 1 62
i1 0.000000 12.000000 19 1 1 62
i1 0.000000 12.000000 20 1 1 62
i1 0.000000 12.000000 20 1 1 62
i1 0.000000 12.000000 19 1 1 62
i1 0.000000 12.000000 17 1 1 62
i1 0.000000 12.000000 17 1 1 62
i1 0.000000 12.000000 19 1 1 62
i1 0.000000 12.000000 21 1 1 62
i1 0.000000 12.000000 22 1 1 62
i1 0.000000 12.000000 21 1 1 62
i4 0.000000 12.000000 22 1 4 62
i4 0.000000 12.000000 23 1 4 62
i4 0.000000 12.000000 24 1 4 62
i4 0.000000 12.000000 24 1 4 62
i4 0.000000 12.000000 24 1 4 62
i4 0.000000 12.000000 23 1 4 62
i4 0.000000 12.000000 21 1 4 62
i4 0.000000 12.000000 19 1 4 62
i4 0.000000 12.000000 16 1 4 62
i4 0.000000 12.000000 15 1 4 62
i4 0.000000 12.000000 15 1 4 62
i4 0.000000 12.000000 17 1 4 62
i4 0.000000 12.000000 18 1 4 62
i4 0.000000 12.000000 19 1 4 62
i4 0.000000 12.000000 20 1 4 62
i4 0.000000 12.000000 21 1 4 62
i4 0.000000 12.000000 21 1 4 62
i4 0.000000 12.000000 22 1 4 62
i4 0.000000 12.000000 24 1 4 62
i4 0.000000 12.000000 24 1 4 62
i4 0.000000 12.000000 21 1 4 62
i4 0.000000 12.000000 16 1 4 62
i4 0.000000 12.000000 10 1 4 62
i4 0.000000 12.000000 7 1 4 62
i4 0.000000 12.000000 7 1 4 62
i4 0.000000 12.000000 8 1 4 62
i4 0.000000 12.000000 8 1 4 62
i2 0.000000 12.000000 13 1 2 63
i2 0.000000 12.000000 14 1 2 63
i2 0.000000 12.000000 14 1 2 63
i2 0.000000 12.000000 15 1 2 63
i2 0.000000 12.000000 16 1 2 63
i2 0.000000 12.000000 18 1 2 63
i2 0.000000 12.000000 19 1 2 63
i2 0.000000 12.000000 20 1 2 63
i2 0.000000 12.000000 20 1 2 63
i2 0.000000 12.000000 20 1 2 63
i2 0.000000 12.000000 19 1 2 63
i2 0.000000 12.000000 18 1 2 63
i2 0.000000 12.000000 18 1 2 63
i2 0.000000 12.000000 19 1 2 63
i2 0.000000 12.000000 21 1 2 63
i2 0.000000 12.000000 21 1 2 63
i2 0.000000 12.000000 21 1 2 63
i2 0.000000 12.000000 20 1 2 63
i2 0.000000 12.000000 19 1 2 63
i2 0.000000 12.000000 17 1 2 63
i2 0.000000 12.000000 15 1 2 63
i2 0.000000 12.000000 13 1 2 63
i2 0.000000 12.000000 13 1 2 63
i2 0.000000 12.000000 15 1 2 63
i2 0.000000 12.000000 17 1 2 63
i2 0.000000 12.000000 19 1 2 63
i2 0.000000 12.000000 19 1 2 63
i2 0.000000 12.000000 19 1 2 63
i2 0.000000 12.000000 19 1 2 63
i2 0.000000 12.000000 18 1 2 63
i2 0.000000 12.000000 17 1 2 63
i1 0.000000 12.000000 16 1 1 63
i1 0.000000 12.000000 16 1 1 63
i1 0.000000 12.000000 17 1 1 63
i1 0.000000 12.000000 18 1 1 63
i1 0.000000 12.000000 18 1 1 63
i1 0.000000 12.000000 16 1 1 63
i1 0.000000 12.000000 15 1 1 63
i1 0.000000 12.000000 16 1 1 63
i1 0.000000 12.000000 18 1 1 63
i1 0.000000 12.000000 19 1 1 63
i1 0.000000 12.000000 20 1 1 63
i1 0.000000 12.000000 20 1 1 63
i1 0.000000 12.000000 21 1 1 63
i1 0.000000 12.000000 23 1 1 63
i4 0.000000 12.000000 23 1 4 63
i4 0.000000 12.000000 23 1 4 63
i4 0.000000 12.000000 22 1 4 63
i4 0.000000 12.000000 21 1 4 63
i4 0.000000 12.000000 18 1 4 63
i4 0.000000 12.000000 16 1 4 63
i4 0.000000 12.000000 14 1 4 63
i4 0.000000 12.000000 13 1 4 63
i4 0.000000 12.000000 14 1 4 63
i4 0.000000 12.000000 16 1 4 63
i4 0.000000 12.000000 17 1 4 63
i4 0.000000 12.000000 18 1 4 63
i4 0.000000 12.000000 18 1 4 63
i4 0.000000 12.000000 19 1 4 63
i4 0.000000 12.000000 19 1 4 63
i4 0.000000 12.000000 21 1 4 63
i4 0.000000 12.000000 22 1 4 63
i4 0.000000 12.000000 20 1 4 63
i4 0.000000 12.000000 16 1 4 63
i4 0.000000 12.000000 12 1 4 63
i4 0.000000 12.000000 8 1 4 63
i4 0.000000 12.000000 7 1 4 63
i4 0.000000 12.000000 7 1 4 63
i4 0.000000 12.000000 8 1 4 63
i4 0.000000 12.000000 8 1 4 63
i2 0.000000 12.000000 12 1 2 65
i2 0.000000 12.000000 13 1 2 65
i2 0.000000 12.000000 14 1 2 65
i2 0.000000 12.000000 15 1 2 65
i2 0.000000 12.000000 16 1 2 65
i2 0.000000 12.000000 18 1 2 65
i2 0.000000 12.000000 19 1 2 65
i2 0.000000 12.000000 19 1 2 65
i2 0.000000 12.000000 19 1 2 65
i2 0.000000 12.000000 18 1 2 65
i2 0.000000 12.000000 17 1 2 65
i2 0.000000 12.000000 16 1 2 65
i2 0.000000 12.000000 16 1 2 65
i2 0.000000 12.000000 17 1 2 65
i2 0.000000 12.000000 19 1 2 65
i2 0.000000 12.000000 20 1 2 65
i2 0.000000 12.000000 20 1 2 65
i2 0.000000 12.000000 20 1 2 65
i2 0.000000 12.000000 19 1 2 65
i2 0.000000 12.000000 17 1 2 65
i2 0.000000 12.000000 14 1 2 65
i2 0.000000 12.000000 12 1 2 65
i2 0.000000 12.000000 13 1 2 65
i2 0.000000 12.000000 15 1 2 65
i2 0.000000 12.000000 17 1 2 65
i2 0.000000 12.000000 18 1 2 65
i2 0.000000 12.000000 19 1 2 65
i2 0.000000 12.000000 19 1 2 65
i2 0.000000 12.000000 18 1 2 65
i2 0.000000 12.000000 17 1 2 65
i2 0.000000 12.000000 17 1 2 65
i1 0.000000 12.000000 17 1 1 65
i1 0.000000 12.000000 17 1 1 65
i1 0.000000 12.000000 18 1 1 65
i1 0.000000 12.000000 18 1 1 65
i1 0.000000 12.000000 18 1 1 65
i1 0.000000 12.000000 16 1 1 65
i1 0.000000 12.000000 16 1 1 65
i1 0.000000 12.000000 16 1 1 65
i1 0.000000 12.000000 17 1 1 65
i1 0.000000 12.000000 18 1 1 65
i1 0.000000 12.000000 19 1 1 65
i1 0.000000 12.000000 19 1 1 65
i1 0.000000 12.000000 20 1 1 65
i1 0.000000 12.000000 21 1 1 65
i4 0.000000 12.000000 21 1 4 65
i4 0.000000 12.000000 20 1 4 65
i4 0.000000 12.000000 19 1 4 65
i4 0.000000 12.000000 19 1 4 65
i4 0.000000 12.000000 17 1 4 65
i4 0.000000 12.000000 15 1 4 65
i4 0.000000 12.000000 14 1 4 65
i4 0.000000 12.000000 13 1 4 65
i4 0.000000 12.000000 14 1 4 65
i4 0.000000 12.000000 16 1 4 65
i4 0.000000 12.000000 18 1 4 65
i4 0.000000 12.000000 18 1 4 65
i4 0.000000 12.000000 18 1 4 65
i4 0.000000 12.000000 18 1 4 65
i4 0.000000 12.000000 19 1 4 65
i4 0.000000 12.000000 21 1 4 65
i4 0.000000 12.000000 21 1 4 65
i4 0.000000 12.000000 18 1 4 65
i4 0.000000 12.000000 14 1 4 65
i4 0.000000 12.000000 10 1 4 65
i4 0.000000 12.000000 8 1 4 65
i4 0.000000 12.000000 7 1 4 65
i4 0.000000 12.000000 7 1 4 65
i4 0.000000 12.000000 8 1 4 65
i4 0.000000 12.000000 8 1 4 65
i2 0.000000 12.000000 12 1 2 67
i2 0.000000 12.000000 13 1 2 67
i2 0.000000 12.000000 15 1 2 67
i2 0.000000 12.000000 16 1 2 67
i2 0.000000 12.000000 17 1 2 67
i2 0.000000 12.000000 19 1 2 67
i2 0.000000 12.000000 19 1 2 67
i2 0.000000 12.000000 19 1 2 67
i2 0.000000 12.000000 19 1 2 67
i2 0.000000 12.000000 18 1 2 67
i2 0.000000 12.000000 17 1 2 67
i2 0.000000 12.000000 16 1 2 67
i2 0.000000 12.000000 16 1 2 67
i2 0.000000 12.000000 17 1 2 67
i2 0.000000 12.000000 19 1 2 67
i2 0.000000 12.000000 20 1 2 67
i2 0.000000 12.000000 21 1 2 67
i2 0.000000 12.000000 21 1 2 67
i2 0.000000 12.000000 20 1 2 67
i2 0.000000 12.000000 18 1 2 67
i2 0.000000 12.000000 15 1 2 67
i2 0.000000 12.000000 13 1 2 67
i2 0.000000 12.000000 14 1 2 67
i2 0.000000 12.000000 16 1 2 67
i2 0.000000 12.000000 18 1 2 67
i2 0.000000 12.000000 20 1 2 67
i2 0.000000 12.000000 20 1 2 67
i2 0.000000 12.000000 20 1 2 67
i2 0.000000 12.000000 19 1 2 67
i2 0.000000 12.000000 19 1 2 67
i2 0.000000 12.000000 19 1 2 67
i1 0.000000 12.000000 19 1 1 67
i1 0.000000 12.000000 20 1 1 67
i1 0.000000 12.000000 20 1 1 67
i1 0.000000 12.000000 21 1 1 67
i1 0.000000 12.000000 20 1 1 67
i1 0.000000 12.000000 19 1 1 67
i1 0.000000 12.000000 18 1 1 67
i1 0.000000 12.000000 19 1 1 67
i1 0.000000 12.000000 19 1 1 67
i1 0.000000 12.000000 19 1 1 67
i1 0.000000 12.000000 20 1 1 67
i1 0.000000 12.000000 20 1 1 67
i1 0.000000 12.000000 20 1 1 67
i1 0.000000 12.000000 20 1 1 67
i4 0.000000 12.000000 19 1 4 67
i4 0.000000 12.000000 18 1 4 67
i4 0.000000 12.000000 18 1 4 67
i4 0.000000 12.000000 19 1 4 67
i4 0.000000 12.000000 19 1 4 67
i4 0.000000 12.000000 18 1 4 67
i4 0.000000 12.000000 17 1 4 67
i4 0.000000 12.000000 16 1 4 67
i4 0.000000 12.000000 17 1 4 67
i4 0.000000 12.000000 19 1 4 67
i4 0.000000 12.000000 19 1 4 67
i4 0.000000 12.000000 19 1 4 67
i4 0.000000 12.000000 18 1 4 67
i4 0.000000 12.000000 18 1 4 67
i4 0.000000 12.000000 20 1 4 67
i4 0.000000 12.000000 21 1 4 67
i4 0.000000 12.000000 20 1 4 67
i4 0.000000 12.000000 17 1 4 67
i4 0.000000 12.000000 13 1 4 67
i4 0.000000 12.000000 10 1 4 67
i4 0.000000 12.000000 9 1 4 67
i4 0.000000 12.000000 8 1 4 67
i4 0.000000 12.000000 7 1 4 67
i4 0.000000 12.000000 8 1 4 67
i4 0.000000 12.000000 9 1 4 67
i2 0.000000 12.000000 13 1 2 69
i2 0.000000 12.000000 15 1 2 69
i2 0.000000 12.000000 16 1 2 69
i2 0.000000 12.000000 17 1 2 69
i2 0.000000 12.000000 18 1 2 69
i2 0.000000 12.000000 19 1 2 69
i2 0.000000 12.000000 20 1 2 69
i2 0.000000 12.000000 20 1 2 69
i2 0.000000 12.000000 19 1 2 69
i2 0.000000 12.000000 19 1 2 69
i2 0.000000 12.000000 18 1 2 69
i2 0.000000 12.000000 17 1 2 69
i2 0.000000 12.000000 17 1 2 69
i2 0.000000 12.000000 18 1 2 69
i2 0.000000 12.000000 20 1 2 69
i2 0.000000 12.000000 22 1 2 69
i2 0.000000 12.000000 22 1 2 69
i2 0.000000 12.000000 22 1 2 69
i2 0.000000 12.000000 21 1 2 69
i2 0.000000 12.000000 19 1 2 69
i2 0.000000 12.000000 16 1 2 69
i2 0.000000 12.000000 15 1 2 69
i2 0.000000 12.000000 16 1 2 69
i2 0.000000 12.000000 19 1 2 69
i2 0.000000 12.000000 20 1 2 69
i2 0.000000 12.000000 21 1 2 69
i2 0.000000 12.000000 21 1 2 69
i2 0.000000 12.000000 21 1 2 69
i2 0.000000 12.000000 20 1 2 69
i2 0.000000 12.000000 20 1 2 69
i2 0.000000 12.000000 20 1 2 69
i1 0.000000 12.000000 20 1 1 69
i1 0.000000 12.000000 21 1 1 69
i1 0.000000 12.000000 23 1 1 69
i1 0.000000 12.000000 23 1 1 69
i1 0.000000 12.000000 23 1 1 69
i1 0.000000 12.000000 22 1 1 69
i1 0.000000 12.000000 21 1 1 69
i1 0.000000 12.000000 22 1 1 69
i1 0.000000 12.000000 21 1 1 69
i1 0.000000 12.000000 21 1 1 69
i1 0.000000 12.000000 22 1 1 69
i1 0.000000 12.000000 22 1 1 69
i1 0.000000 12.000000 21 1 1 69
i1 0.000000 12.000000 21 1 1 69
i4 0.000000 12.000000 19 1 4 69
i4 0.000000 12.000000 18 1 4 69
i4 0.000000 12.000000 19 1 4 69
i4 0.000000 12.000000 21 1 4 69
i4 0.000000 12.000000 21 1 4 69
i4 0.000000 12.000000 20 1 4 69
i4 0.000000 12.000000 20 1 4 69
i4 0.000000 12.000000 20 1 4 69
i4 0.000000 12.000000 20 1 4 69
i4 0.000000 12.000000 20 1 4 69
i4 0.000000 12.000000 20 1 4 69
i4 0.000000 12.000000 19 1 4 69
i4 0.000000 12.000000 19 1 4 69
i4 0.000000 12.000000 19 1 4 69
i4 0.000000 12.000000 20 1 4 69
i4 0.000000 12.000000 22 1 4 69
i4 0.000000 12.000000 20 1 4 69
i4 0.000000 12.000000 17 1 4 69
i4 0.000000 12.000000 14 1 4 69
i4 0.000000 12.000000 12 1 4 69
i4 0.000000 12.000000 11 1 4 69
i4 0.000000 12.000000 10 1 4 69
i4 0.000000 12.000000 9 1 4 69
i4 0.000000 12.000000 8 1 4 69
i4 0.000000 12.000000 9 1 4 69
i2 0.000000 12.000000 15 1 2 71
i2 0.000000 12.000000 17 1 2 71
i2 0.000000 12.000000 17 1 2 71
i2 0.000000 12.000000 18 1 2 71
i2 0.000000 12.000000 18 1 2 71
i2 0.000000 12.000000 19 1 2 71
i2 0.000000 12.000000 20 1 2 71
i2 0.000000 12.000000 20 1 2 71
i2 0.000000 12.000000 20 1 2 71
i2 0.000000 12.000000 20 1 2 71
i2 0.000000 12.000000 19 1 2 71
i2 0.000000 12.000000 19 1 2 71
i2 0.000000 12.000000 19 1 2 71
i2 0.000000 12.000000 19 1 2 71
i2 0.000000 12.000000 21 1 2 71
i2 0.000000 12.000000 22 1 2 71
i2 0.000000 12.000000 22 1 2 71
i2 0.000000 12.000000 22 1 2 71
i2 0.000000 12.000000 21 1 2 71
i2 0.000000 12.000000 20 1 2 71
i2 0.000000 12.000000 18 1 2 71
i2 0.000000 12.000000 18 1 2 71
i2 0.000000 12.000000 19 1 2 71
i2 0.000000 12.000000 21 1 2 71
i2 0.000000 12.000000 21 1 2 71
i2 0.000000 12.000000 21 1 2 71
i2 0.000000 12.000000 20 1 2 71
i2 0.000000 12.000000 20 1 2 71
i2 0.000000 12.000000 19 1 2 71
i2 0.000000 12.000000 20 1 2 71
i2 0.000000 12.000000 20 1 2 71
i1 0.000000 12.000000 21 1 1 71
i1 0.000000 12.000000 22 1 1 71
i1 0.000000 12.000000 23 1 1 71
i1 0.000000 12.000000 23 1 1 71
i1 0.000000 12.000000 24 1 1 71
i1 0.000000 12.000000 23 1 1 71
i1 0.000000 12.000000 23 1 1 71
i1 0.000000 12.000000 23 1 1 71
i1 0.000000 12.000000 23 1 1 71
i1 0.000000 12.000000 23 1 1 71
i1 0.000000 12.000000 23 1 1 71
i1 0.000000 12.000000 22 1 1 71
i1 0.000000 12.000000 22 1 1 71
i1 0.000000 12.000000 21 1 1 71
i4 0.000000 12.000000 19 1 4 71
i4 0.000000 12.000000 18 1 4 71
i4 0.000000 12.000000 19 1 4 71
i4 0.000000 12.000000 21 1 4 71
i4 0.000000 12.000000 21 1 4 71
i4 0.000000 12.000000 21 1 4 71
i4 0.000000 12.000000 21 1 4 71
i4 0.000000 12.000000 21 1 4 71
i4 0.000000 12.000000 21 1 4 71
i4 0.000000 12.000000 20 1 4 71
i4 0.000000 12.000000 18 1 4 71
i4 0.000000 12.000000 18 1 4 71
i4 0.000000 12.000000 18 1 4 71
i4 0.000000 12.000000 19 1 4 71
i4 0.000000 12.000000 21 1 4 71
i4 0.000000 12.000000 22 1 4 71
i4 0.000000 12.000000 20 1 4 71
i4 0.000000 12.000000 17 1 4 71
i4 0.000000 12.000000 15 1 4 71
i4 0.000000 12.000000 14 1 4 71
i4 0.000000 12.000000 14 1 4 71
i4 0.000000 12.000000 13 1 4 71
i4 0.000000 12.000000 11 1 4 71
i4 0.000000 12.000000 10 1 4 71
i4 0.000000 12.000000 9 1 4 71
i2 0.000000 12.000000 16 1 2 73
i2 0.000000 12.000000 18 1 2 73
i2 0.000000 12.000000 18 1 2 73
i2 0.000000 12.000000 18 1 2 73
i2 0.000000 12.000000 18 1 2 73
i2 0.000000 12.000000 18 1 2 73
i2 0.000000 12.000000 18 1 2 73
i2 0.000000 12.000000 18 1 2 73
i2 0.000000 12.000000 18 1 2 73
i2 0.000000 12.000000 19 1 2 73
i2 0.000000 12.000000 19 1 2 73
i2 0.000000 12.000000 19 1 2 73
i2 0.000000 12.000000 19 1 2 73
i2 0.000000 12.000000 20 1 2 73
i2 0.000000 12.000000 21 1 2 73
i2 0.000000 12.000000 21 1 2 73
i2 0.000000 12.000000 20 1 2 73
i2 0.000000 12.000000 20 1 2 73
i2 0.000000 12.000000 20 1 2 73
i2 0.000000 12.000000 20 1 2 73
i2 0.000000 12.000000 20 1 2 73
i2 0.000000 12.000000 20 1 2 73
i2 0.000000 12.000000 21 1 2 73
i2 0.000000 12.000000 20 1 2 73
i2 0.000000 12.000000 19 1 2 73
i2 0.000000 12.000000 18 1 2 73
i2 0.000000 12.000000 18 1 2 73
i2 0.000000 12.000000 17 1 2 73
i2 0.000000 12.000000 18 1 2 73
i2 0.000000 12.000000 18 1 2 73
i2 0.000000 12.000000 20 1 2 73
i1 0.000000 12.000000 20 1 1 73
i1 0.000000 12.000000 21 1 1 73
i1 0.000000 12.000000 22 1 1 73
i1 0.000000 12.000000 22 1 1 73
i1 0.000000 12.000000 22 1 1 73
i1 0.000000 12.000000 22 1 1 73
i1 0.000000 12.000000 23 1 1 73
i1 0.000000 12.000000 23 1 1 73
i1 0.000000 12.000000 23 1 1 73
i1 0.000000 12.000000 23 1 1 73
i1 0.000000 12.000000 23 1 1 73
i1 0.000000 12.000000 22 1 1 73
i1 0.000000 12.000000 21 1 1 73
i1 0.000000 12.000000 21 1 1 73
i4 0.000000 12.000000 20 1 4 73
i4 0.000000 12.000000 19 1 4 73
i4 0.000000 12.000000 19 1 4 73
i4 0.000000 12.000000 20 1 4 73
i4 0.000000 12.000000 19 1 4 73
i4 0.000000 12.000000 19 1 4 73
i4 0.000000 12.000000 20 1 4 73
i4 0.000000 12.000000 21 1 4 73
i4 0.000000 12.000000 20 1 4 73
i4 0.000000 12.000000 18 1 4 73
i4 0.000000 12.000000 17 1 4 73
i4 0.000000 12.000000 17 1 4 73
i4 0.000000 12.000000 20 1 4 73
i4 0.000000 12.000000 21 1 4 73
i4 0.000000 12.000000 20 1 4 73
i4 0.000000 12.000000 17 1 4 73
i4 0.000000 12.000000 16 1 4 73
i4 0.000000 12.000000 16 1 4 73
i4 0.000000 12.000000 16 1 4 73
i4 0.000000 12.000000 15 1 4 73
i4 0.000000 12.000000 14 1 4 73
i4 0.000000 12.000000 12 1 4 73
i4 0.000000 12.000000 11 1 4 73
i2 0.000000 12.000000 17 1 2 75
i2 0.000000 12.000000 18 1 2 75
i2 0.000000 12.000000 18 1 2 75
i2 0.000000 12.000000 18 1 2 75
i2 0.000000 12.000000 18 1 2 75
i2 0.000000 12.000000 17 1 2 75
i2 0.000000 12.000000 17 1 2 75
i2 0.000000 12.000000 16 1 2 75
i2 0.000000 12.000000 16 1 2 75
i2 0.000000 12.000000 17 1 2 75
i2 0.000000 12.000000 18 1 2 75
i2 0.000000 12.000000 18 1 2 75
i2 0.000000 12.000000 19 1 2 75
i2 0.000000 12.000000 19 1 2 75
i2 0.000000 12.000000 18 1 2 75
i2 0.000000 12.000000 17 1 2 75
i2 0.000000 12.000000 17 1 2 75
i2 0.000000 12.000000 19 1 2 75
i2 0.000000 12.000000 19 1 2 75
i2 0.000000 12.000000 20 1 2 75
i2 0.000000 12.000000 20 1 2 75
i2 0.000000 12.000000 20 1 2 75
i2 0.000000 12.000000 18 1 2 75
i2 0.000000 12.000000 17 1 2 75
i2 0.000000 12.000000 16 1 2 75
i2 0.000000 12.000000 15 1 2 75
i2 0.000000 12.000000 15 1 2 75
i2 0.000000 12.000000 15 1 2 75
i2 0.000000 12.000000 16 1 2 75
i2 0.000000 12.000000 17 1 2 75
i1 0.000000 12.000000 18 1 1 75
i1 0.000000 12.000000 19 1 1 75
i1 0.000000 12.000000 20 1 1 75
i1 0.000000 12.000000 20 1 1 75
i1 0.000000 12.000000 20 1 1 75
i1 0.000000 12.000000 20 1 1 75
i1 0.000000 12.000000 20 1 1 75
i1 0.000000 12.000000 21 1 1 75
i1 0.000000 12.000000 21 1 1 75
i1 0.000000 12.000000 21 1 1 75
i1 0.000000 12.000000 21 1 1 75
i1 0.000000 12.000000 21 1 1 75
i1 0.000000 12.000000 21 1 1 75
i1 0.000000 12.000000 21 1 1 75
i4 0.000000 12.000000 20 1 4 75
i4 0.000000 12.000000 19 1 4 75
i4 0.000000 12.000000 19 1 4 75
i4 0.000000 12.000000 18 1 4 75
i4 0.000000 12.000000 17 1 4 75
i4 0.000000 12.000000 17 1 4 75
i4 0.000000 12.000000 19 1 4 75
i4 0.000000 12.000000 20 1 4 75
i4 0.000000 12.000000 19 1 4 75
i4 0.000000 12.000000 17 1 4 75
i4 0.000000 12.000000 15 1 4 75
i4 0.000000 12.000000 18 1 4 75
i4 0.000000 12.000000 20 1 4 75
i4 0.000000 12.000000 19 1 4 75
i4 0.000000 12.000000 18 1 4 75
i4 0.000000 12.000000 16 1 4 75
i4 0.000000 12.000000 16 1 4 75
i4 0.000000 12.000000 17 1 4 75
i4 0.000000 12.000000 17 1 4 75
i4 0.000000 12.000000 16 1 4 75
i4 0.000000 12.000000 15 1 4 75
i4 0.000000 12.000000 13 1 4 75
i2 0.000000 12.000000 16 1 2 77
i2 0.000000 12.000000 17 1 2 77
i2 0.000000 12.000000 18 1 2 77
i2 0.000000 12.000000 18 1 2 77
i2 0.000000 12.000000 18 1 2 77
i2 0.000000 12.000000 17 1 2 77
i2 0.000000 12.000000 16 1 2 77
i2 0.000000 12.000000 15 1 2 77
i2 0.000000 12.000000 14 1 2 77
i2 0.000000 12.000000 15 1 2 77
i2 0.000000 12.000000 16 1 2 77
i2 0.000000 12.000000 16 1 2 77
i2 0.000000 12.000000 16 1 2 77
i2 0.000000 12.000000 16 1 2 77
i2 0.000000 12.000000 15 1 2 77
i2 0.000000 12.000000 14 1 2 77
i2 0.000000 12.000000 14 1 2 77
i2 0.000000 12.000000 16 1 2 77
i2 0.000000 12.000000 17 1 2 77
i2 0.000000 12.000000 18 1 2 77
i2 0.000000 12.000000 18 1 2 77
i2 0.000000 12.000000 17 1 2 77
i2 0.000000 12.000000 15 1 2 77
i2 0.000000 12.000000 14 1 2 77
i2 0.000000 12.000000 13 1 2 77
i2 0.000000 12.000000 13 1 2 77
i2 0.000000 12.000000 13 1 2 77
i2 0.000000 12.000000 12 1 2 77
i2 0.000000 12.000000 13 1 2 77
i2 0.000000 12.000000 14 1 2 77
i1 0.000000 12.000000 16 1 1 77
i1 0.000000 12.000000 17 1 1 77
i1 0.000000 12.000000 18 1 1 77
i1 0.000000 12.000000 18 1 1 77
i1 0.000000 12.000000 18 1 1 77
i1 0.000000 12.000000 18 1 1 77
i1 0.000000 12.000000 18 1 1 77
i1 0.000000 12.000000 18 1 1 77
i1 0.000000 12.000000 19 1 1 77
i1 0.000000 12.000000 19 1 1 77
i1 0.000000 12.000000 20 1 1 77
i1 0.000000 12.000000 20 1 1 77
i1 0.000000 12.000000 20 1 1 77
i1 0.000000 12.000000 21 1 1 77
i4 0.000000 12.000000 20 1 4 77
i4 0.000000 12.000000 19 1 4 77
i4 0.000000 12.000000 18 1 4 77
i4 0.000000 12.000000 17 1 4 77
i4 0.000000 12.000000 17 1 4 77
i4 0.000000 12.000000 18 1 4 77
i4 0.000000 12.000000 17 1 4 77
i4 0.000000 12.000000 15 1 4 77
i4 0.000000 12.000000 12 1 4 77
i4 0.000000 12.000000 17 1 4 77
i4 0.000000 12.000000 18 1 4 77
i4 0.000000 12.000000 19 1 4 77
i4 0.000000 12.000000 18 1 4 77
i4 0.000000 12.000000 17 1 4 77
i4 0.000000 12.000000 16 1 4 77
i4 0.000000 12.000000 17 1 4 77
i4 0.000000 12.000000 17 1 4 77
i4 0.000000 12.000000 17 1 4 77
i4 0.000000 12.000000 17 1 4 77
i4 0.000000 12.000000 15 1 4 77
i2 0.000000 12.000000 17 1 2 79
i2 0.000000 12.000000 18 1 2 79
i2 0.000000 12.000000 18 1 2 79
i2 0.000000 12.000000 18 1 2 79
i2 0.000000 12.000000 17 1 2 79
i2 0.000000 12.000000 16 1 2 79
i2 0.000000 12.000000 14 1 2 79
i2 0.000000 12.000000 13 1 2 79
i2 0.000000 12.000000 13 1 2 79
i2 0.000000 12.000000 14 1 2 79
i2 0.000000 12.000000 14 1 2 79
i2 0.000000 12.000000 14 1 2 79
i2 0.000000 12.000000 13 1 2 79
i2 0.000000 12.000000 13 1 2 79
i2 0.000000 12.000000 12 1 2 79
i2 0.000000 12.000000 12 1 2 79
i2 0.000000 12.000000 14 1 2 79
i2 0.000000 12.000000 15 1 2 79
i2 0.000000 12.000000 16 1 2 79
i2 0.000000 12.000000 15 1 2 79
i2 0.000000 12.000000 14 1 2 79
i2 0.000000 12.000000 12 1 2 79
i2 0.000000 12.000000 11 1 2 79
i2 0.000000 12.000000 11 1 2 79
i2 0.000000 12.000000 11 1 2 79
i2 0.000000 12.000000 10 1 2 79
i2 0.000000 12.000000 10 1 2 79
i2 0.000000 12.000000 10 1 2 79
i1 0.000000 12.000000 11 1 1 79
i1 0.000000 12.000000 13 1 1 79
i1 0.000000 12.000000 14 1 1 79
i1 0.000000 12.000000 14 1 1 79
i1 0.000000 12.000000 14 1 1 79
i1 0.000000 12.000000 14 1 1 79
i1 0.000000 12.000000 15 1 1 79
i1 0.000000 12.000000 15 1 1 79
i1 0.000000 12.000000 16 1 1 79
i1 0.000000 12.000000 17 1 1 79
i1 0.000000 12.000000 18 1 1 79
i1 0.000000 12.000000 19 1 1 79
i1 0.000000 12.000000 19 1 1 79
i1 0.000000 12.000000 20 1 1 79
i1 0.000000 12.000000 21 1 1 79
i4 0.000000 12.000000 20 1 4 79
i4 0.000000 12.000000 18 1 4 79
i4 0.000000 12.000000 17 1 4 79
i4 0.000000 12.000000 15 1 4 79
i4 0.000000 12.000000 14 1 4 79
i4 0.000000 12.000000 12 1 4 79
i4 0.000000 12.000000 10 1 4 79
i4 0.000000 12.000000 17 1 4 79
i4 0.000000 12.000000 18 1 4 79
i4 0.000000 12.000000 18 1 4 79
i4 0.000000 12.000000 16 1 4 79
i4 0.000000 12.000000 16 1 4 79
i4 0.000000 12.000000 17 1 4 79
i4 0.000000 12.000000 17 1 4 79
i4 0.000000 12.000000 17 1 4 79
i4 0.000000 12.000000 16 1 4 79
i2 0.000000 12.000000 18 1 2 81
i2 0.000000 12.000000 18 1 2 81
i2 0.000000 12.000000 19 1 2 81
i2 0.000000 12.000000 18 1 2 81
i2 0.000000 12.000000 16 1 2 81
i2 0.000000 12.000000 15 1 2 81
i2 0.000000 12.000000 14 1 2 81
i2 0.000000 12.000000 13 1 2 81
i2 0.000000 12.000000 14 1 2 81
i2 0.000000 12.000000 14 1 2 81
i2 0.000000 12.000000 13 1 2 81
i2 0.000000 12.000000 12 1 2 81
i2 0.000000 12.000000 11 1 2 81
i2 0.000000 12.000000 11 1 2 81
i2 0.000000 12.000000 11 1 2 81
i2 0.000000 12.000000 12 1 2 81
i2 0.000000 12.000000 13 1 2 81
i2 0.000000 12.000000 13 1 2 81
i2 0.000000 12.000000 13 1 2 81
i2 0.000000 12.000000 12 1 2 81
i2 0.000000 12.000000 10 1 2 81
i2 0.000000 12.000000 9 1 2 81
i2 0.000000 12.000000 9 1 2 81
i2 0.000000 12.000000 9 1 2 81
i2 0.000000 12.000000 9 1 2 81
i2 0.000000 12.000000 9 1 2 81
i2 0.000000 12.000000 9 1 2 81
i1 0.000000 12.000000 10 1 1 81
i1 0.000000 12.000000 10 1 1 81
i1 0.000000 12.000000 11 1 1 81
i1 0.000000 12.000000 11 1 1 81
i1 0.000000 12.000000 11 1 1 81
i1 0.000000 12.000000 11 1 1 81
i1 0.000000 12.000000 11 1 1 81
i1 0.000000 12.000000 12 1 1 81
i1 0.000000 12.000000 13 1 1 81
i1 0.000000 12.000000 14 1 1 81
i1 0.000000 12.000000 15 1 1 81
i1 0.000000 12.000000 16 1 1 81
i1 0.000000 12.000000 17 1 1 81
i1 0.000000 12.000000 18 1 1 81
i1 0.000000 12.000000 19 1 1 81
i4 0.000000 12.000000 19 1 4 81
i4 0.000000 12.000000 17 1 4 81
i4 0.000000 12.000000 12 1 4 81
i4 0.000000 12.000000 11 1 4 81
i4 0.000000 12.000000 9 1 4 81
i4 0.000000 12.000000 9 1 4 81
i4 0.000000 12.000000 16 1 4 81
i4 0.000000 12.000000 17 1 4 81
i4 0.000000 12.000000 17 1 4 81
i4 0.000000 12.000000 16 1 4 81
i4 0.000000 12.000000 15 1 4 81
i4 0.000000 12.000000 16 1 4 81
i4 0.000000 12.000000 17 1 4 81
i2 0.000000 12.000000 18 1 2 83
i2 0.000000 12.000000 19 1 2 83
i2 0.000000 12.000000 19 1 2 83
i2 0.000000 12.000000 18 1 2 83
i2 0.000000 12.000000 17 1 2 83
i2 0.000000 12.000000 16 1 2 83
i2 0.000000 12.000000 15 1 2 83
i2 0.000000 12.000000 14 1 2 83
i2 0.000000 12.000000 14 1 2 83
i2 0.000000 12.000000 14 1 2 83
i2 0.000000 12.000000 13 1 2 83
i2 0.000000 12.000000 12 1 2 83
i2 0.000000 12.000000 11 1 2 83
i2 0.000000 12.000000 11 1 2 83
i2 0.000000 12.000000 11 1 2 83
i2 0.000000 12.000000 11 1 2 83
i2 0.000000 12.000000 12 1 2 83
i2 0.000000 12.000000 12 1 2 83
i2 0.000000 12.000000 12 1 2 83
i2 0.000000 12.000000 11 1 2 83
i2 0.000000 12.000000 9 1 2 83
i2 0.000000 12.000000 9 1 2 83
i2 0.000000 12.000000 8 1 2 83
i2 0.000000 12.000000 8 1 2 83
i2 0.000000 12.000000 8 1 2 83
i2 0.000000 12.000000 8 1 2 83
i2 0.000000 12.000000 8 1 2 83
i1 0.000000 12.000000 9 1 1 83
i1 0.000000 12.000000 9 1 1 83
i1 0.000000 12.000000 9 1 1 83
i1 0.000000 12.000000 9 1 1 83
i1 0.000000 12.000000 9 1 1 83
i1 0.000000 12.000000 9 1 1 83
i1 0.000000 12.000000 9 1 1 83
i1 0.000000 12.000000 10 1 1 83
i1 0.000000 12.000000 10 1 1 83
i1 0.000000 12.000000 11 1 1 83
i1 0.000000 12.000000 12 1 1 83
i1 0.000000 12.000000 12 1 1 83
i1 0.000000 12.000000 13 1 1 83
i1 0.000000 12.000000 14 1 1 83
i1 0.000000 12.000000 16 1 1 83
i4 0.000000 12.000000 9 1 4 83
i4 0.000000 12.000000 9 1 4 83
i4 0.000000 12.000000 8 1 4 83
i4 0.000000 12.000000 8 1 4 83
i4 0.000000 12.000000 16 1 4 83
i4 0.000000 12.000000 17 1 4 83
i4 0.000000 12.000000 16 1 4 83
i4 0.000000 12.000000 15 1 4 83
i4 0.000000 12.000000 16 1 4 83
i4 0.000000 12.000000 17 1 4 83
i2 0.000000 12.000000 18 1 2 85
i2 0.000000 12.000000 19 1 2 85
i2 0.000000 12.000000 19 1 2 85
i2 0.000000 12.000000 18 1 2 85
i2 0.000000 12.000000 18 1 2 85
i2 0.000000 12.000000 17 1 2 85
i2 0.000000 12.000000 16 1 2 85
i2 0.000000 12.000000 16 1 2 85
i2 0.000000 12.000000 16 1 2 85
i2 0.000000 12.000000 15 1 2 85
i2 0.000000 12.000000 15 1 2 85
i2 0.000000 12.000000 14 1 2 85
i2 0.000000 12.000000 13 1 2 85
i2 0.000000 12.000000 13 1 2 85
i2 0.000000 12.000000 13 1 2 85
i2 0.000000 12.000000 13 1 2 85
i2 0.000000 12.000000 13 1 2 85
i2 0.000000 12.000000 13 1 2 85
i2 0.000000 12.000000 13 1 2 85
i2 0.000000 12.000000 11 1 2 85
i2 0.000000 12.000000 10 1 2 85
i2 0.000000 12.000000 9 1 2 85
i2 0.000000 12.000000 8 1 2 85
i2 0.000000 12.000000 8 1 2 85
i2 0.000000 12.000000 8 1 2 85
i2 0.000000 12.000000 9 1 2 85
i2 0.000000 12.000000 9 1 2 85
i3 0.000000 12.000000 10 1 3 85
i3 0.000000 12.000000 9 1 3 85
i1 0.000000 12.000000 9 1 1 85
i1 0.000000 12.000000 9 1 1 85
i1 0.000000 12.000000 8 1 1 85
i1 0.000000 12.000000 8 1 1 85
i1 0.000000 12.000000 8 1 1 85
i1 0.000000 12.000000 8 1 1 85
i1 0.000000 12.000000 9 1 1 85
i1 0.000000 12.000000 9 1 1 85
i1 0.000000 12.000000 9 1 1 85
i1 0.000000 12.000000 10 1 1 85
i1 0.000000 12.000000 10 1 1 85
i1 0.000000 12.000000 11 1 1 85
i1 0.000000 12.000000 12 1 1 85
i4 0.000000 12.000000 8 1 4 85
i4 0.000000 12.000000 9 1 4 85
i4 0.000000 12.000000 9 1 4 85
i4 0.000000 12.000000 9 1 4 85
i4 0.000000 12.000000 16 1 4 85
i4 0.000000 12.000000 16 1 4 85
i4 0.000000 12.000000 16 1 4 85
i4 0.000000 12.000000 16 1 4 85
i4 0.000000 12.000000 17 1 4 85
i2 0.000000 12.000000 18 1 2 87
i2 0.000000 12.000000 19 1 2 87
i2 0.000000 12.000000 19 1 2 87
i2 0.000000 12.000000 18 1 2 87
i2 0.000000 12.000000 17 1 2 87
i2 0.000000 12.000000 17 1 2 87
i2 0.000000 12.000000 17 1 2 87
i2 0.000000 12.000000 17 1 2 87
i2 0.000000 12.000000 17 1 2 87
i2 0.000000 12.000000 17 1 2 87
i2 0.000000 12.000000 17 1 2 87
i2 0.000000 12.000000 16 1 2 87
i2 0.000000 12.000000 16 1 2 87
i2 0.000000 12.000000 15 1 2 87
i2 0.000000 12.000000 15 1 2 87
i2 0.000000 12.000000 16 1 2 87
i2 0.000000 12.000000 16 1 2 87
i2 0.000000 12.000000 15 1 2 87
i2 0.000000 12.000000 14 1 2 87
i2 0.000000 12.000000 12 1 2 87
i2 0.000000 12.000000 10 1 2 87
i2 0.000000 12.000000 9 1 2 87
i2 0.000000 12.000000 8 1 2 87
i2 0.000000 12.000000 8 1 2 87
i2 0.000000 12.000000 8 1 2 87
i2 0.000000 12.000000 9 1 2 87
i2 0.000000 12.000000 10 1 2 87
i3 0.000000 12.000000 11 1 3 87
i3 0.000000 12.000000 11 1 3 87
i3 0.000000 12.000000 10 1 3 87
i3 0.000000 12.000000 9 1 3 87
i1 0.000000 12.000000 8 1 1 87
i1 0.000000 12.000000 8 1 1 87
i1 0.000000 12.000000 8 1 1 87
i1 0.000000 12.000000 8 1 1 87
i1 0.000000 12.000000 8 1 1 87
i1 0.000000 12.000000 8 1 1 87
i1 0.000000 12.000000 8 1 1 87
i1 0.000000 12.000000 8 1 1 87
i1 0.000000 12.000000 8 1 1 87
i1 0.000000 12.000000 9 1 1 87
i1 0.000000 12.000000 9 1 1 87
i4 0.000000 12.000000 9 1 4 87
i4 0.000000 12.000000 9 1 4 87
i4 0.000000 12.000000 10 1 4 87
i4 0.000000 12.000000 10 1 4 87
i4 0.000000 12.000000 16 1 4 87
i4 0.000000 12.000000 16 1 4 87
i2 0.000000 12.000000 16 1 2 89
i2 0.000000 12.000000 18 1 2 89
i2 0.000000 12.000000 18 1 2 89
i2 0.000000 12.000000 17 1 2 89
i2 0.000000 12.000000 16 1 2 89
i2 0.000000 12.000000 16 1 2 89
i2 0.000000 12.000000 17 1 2 89
i2 0.000000 12.000000 17 1 2 89
i2 0.000000 12.000000 18 1 2 89
i2 0.000000 12.000000 19 1 2 89
i2 0.000000 12.000000 20 1 2 89
i2 0.000000 12.000000 19 1 2 89
i2 0.000000 12.000000 18 1 2 89
i2 0.000000 12.000000 18 1 2 89
i2 0.000000 12.000000 18 1 2 89
i2 0.000000 12.000000 18 1 2 89
i2 0.000000 12.000000 17 1 2 89
i2 0.000000 12.000000 16 1 2 89
i2 0.000000 12.000000 15 1 2 89
i2 0.000000 12.000000 13 1 2 89
i2 0.000000 12.000000 10 1 2 89
i2 0.000000 12.000000 9 1 2 89
i2 0.000000 12.000000 8 1 2 89
i2 0.000000 12.000000 8 1 2 89
i2 0.000000 12.000000 9 1 2 89
i2 0.000000 12.000000 11 1 2 89
i3 0.000000 12.000000 12 1 3 89
i3 0.000000 12.000000 12 1 3 89
i3 0.000000 12.000000 12 1 3 89
i3 0.000000 12.000000 11 1 3 89
i3 0.000000 12.000000 10 1 3 89
i3 0.000000 12.000000 9 1 3 89
i3 0.000000 12.000000 9 1 3 89
i3 0.000000 12.000000 9 1 3 89
i1 0.000000 12.000000 9 1 1 89
i1 0.000000 12.000000 8 1 1 89
i1 0.000000 12.000000 8 1 1 89
i1 0.000000 12.000000 8 1 1 89
i1 0.000000 12.000000 8 1 1 89
i1 0.000000 12.000000 8 1 1 89
i1 0.000000 12.000000 8 1 1 89
i1 0.000000 12.000000 8 1 1 89
i4 0.000000 12.000000 10 1 4 89
i4 0.000000 12.000000 11 1 4 89
i4 0.000000 12.000000 11 1 4 89
i4 0.000000 12.000000 12 1 4 89
i4 0.000000 12.000000 16 1 4 89
i4 0.000000 12.000000 16 1 4 89
i2 0.000000 12.000000 16 1 2 91
i2 0.000000 12.000000 18 1 2 91
i2 0.000000 12.000000 19 1 2 91
i2 0.000000 12.000000 20 1 2 91
i2 0.000000 12.000000 21 1 2 91
i2 0.000000 12.000000 21 1 2 91
i2 0.000000 12.000000 20 1 2 91
i2 0.000000 12.000000 19 1 2 91
i2 0.000000 12.000000 19 1 2 91
i2 0.000000 12.000000 19 1 2 91
i2 0.000000 12.000000 18 1 2 91
i2 0.000000 12.000000 16 1 2 91
i2 0.000000 12.000000 15 1 2 91
i2 0.000000 12.000000 12 1 2 91
i2 0.000000 12.000000 10 1 2 91
i2 0.000000 12.000000 9 1 2 91
i2 0.000000 12.000000 8 1 2 91
i2 0.000000 12.000000 8 1 2 91
i2 0.000000 12.000000 10 1 2 91
i2 0.000000 12.000000 12 1 2 91
i3 0.000000 12.000000 13 1 3 91
i3 0.000000 12.000000 14 1 3 91
i3 0.000000 12.000000 13 1 3 91
i3 0.000000 12.000000 12 1 3 91
i3 0.000000 12.000000 11 1 3 91
i3 0.000000 12.000000 10 1 3 91
i3 0.000000 12.000000 10 1 3 91
i3 0.000000 12.000000 11 1 3 91
i3 0.000000 12.000000 10 1 3 91
i3 0.000000 12.000000 9 1 3 91
i1 0.000000 12.000000 8 1 1 91
i1 0.000000 12.000000 8 1 1 91
i1 0.000000 12.000000 8 1 1 91
i1 0.000000 12.000000 8 1 1 91
i1 0.000000 12.000000 8 1 1 91
i1 0.000000 12.000000 9 1 1 91
i4 0.000000 12.000000 12 1 4 91
i4 0.000000 12.000000 13 1 4 91
i4 0.000000 12.000000 14 1 4 91
i4 0.000000 12.000000 14 1 4 91
i2 0.000000 12.000000 18 1 2 93
i2 0.000000 12.000000 19 1 2 93
i2 0.000000 12.000000 20 1 2 93
i2 0.000000 12.000000 21 1 2 93
i2 0.000000 12.000000 21 1 2 93
i2 0.000000 12.000000 20 1 2 93
i2 0.000000 12.000000 19 1 2 93
i2 0.000000 12.000000 19 1 2 93
i2 0.000000 12.000000 19 1 2 93
i2 0.000000 12.000000 17 1 2 93
i2 0.000000 12.000000 16 1 2 93
i2 0.000000 12.000000 14 1 2 93
i2 0.000000 12.000000 12 1 2 93
i2 0.000000 12.000000 10 1 2 93
i2 0.000000 12.000000 9 1 2 93
i2 0.000000 12.000000 9 1 2 93
i2 0.000000 12.000000 9 1 2 93
i2 0.000000 12.000000 10 1 2 93
i2 0.000000 12.000000 13 1 2 93
i3 0.000000 12.000000 15 1 3 93
i3 0.000000 12.000000 15 1 3 93
i3 0.000000 12.000000 14 1 3 93
i3 0.000000 12.000000 13 1 3 93
i3 0.000000 12.000000 12 1 3 93
i3 0.000000 12.000000 12 1 3 93
i3 0.000000 12.000000 13 1 3 93
i3 0.000000 12.000000 13 1 3 93
i3 0.000000 12.000000 12 1 3 93
i3 0.000000 12.000000 11 1 3 93
i3 0.000000 12.000000 9 1 3 93
i3 0.000000 12.000000 8 1 3 93
i3 0.000000 12.000000 8 1 3 93
i1 0.000000 12.000000 8 1 1 93
i1 0.000000 12.000000 9 1 1 93
i1 0.000000 12.000000 10 1 1 93
i4 0.000000 12.000000 14 1 4 93
i4 0.000000 12.000000 15 1 4 93
i4 0.000000 12.000000 16 1 4 93
i4 0.000000 12.000000 16 1 4 93
i2 0.000000 12.000000 18 1 2 95
i2 0.000000 12.000000 19 1 2 95
i2 0.000000 12.000000 19 1 2 95
i2 0.000000 12.000000 20 1 2 95
i2 0.000000 12.000000 20 1 2 95
i2 0.000000 12.000000 20 1 2 95
i2 0.000000 12.000000 19 1 2 95
i2 0.000000 12.000000 19 1 2 95
i2 0.000000 12.000000 18 1 2 95
i2 0.000000 12.000000 17 1 2 95
i2 0.000000 12.000000 15 1 2 95
i2 0.000000 12.000000 13 1 2 95
i2 0.000000 12.000000 12 1 2 95
i2 0.000000 12.000000 10 1 2 95
i2 0.000000 12.000000 10 1 2 95
i2 0.000000 12.000000 10 1 2 95
i2 0.000000 12.000000 10 1 2 95
i2 0.000000 12.000000 12 1 2 95
i3 0.000000 12.000000 14 1 3 95
i3 0.000000 12.000000 16 1 3 95
i3 0.000000 12.000000 16 1 3 95
i3 0.000000 12.000000 15 1 3 95
i3 0.000000 12.000000 13 1 3 95
i3 0.000000 12.000000 13 1 3 95
i3 0.000000 12.000000 14 1 3 95
i3 0.000000 12.000000 15 1 3 95
i3 0.000000 12.000000 15 1 3 95
i3 0.000000 12.000000 15 1 3 95
i3 0.000000 12.000000 13 1 3 95
i3 0.000000 12.000000 10 1 3 95
i3 0.000000 12.000000 9 1 3 95
i3 0.000000 12.000000 9 1 3 95
i3 0.000000 12.000000 9 1 3 95
i3 0.000000 12.000000 11 1 3 95
i3 0.000000 12.000000 12 1 3 95
i4 0.000000 12.000000 16 1 4 95
i4 0.000000 12.000000 17 1 4 95
i4 0.000000 12.000000 17 1 4 95
i4 0.000000 12.000000 16 1 4 95
i2 0.000000 12.000000 18 1 2 96
i2 0.000000 12.000000 19 1 2 96
i2 0.000000 12.000000 19 1 2 96
i2 0.000000 12.000000 19 1 2 96
i2 0.000000 12.000000 19 1 2 96
i2 0.000000 12.000000 19 1 2 96
i2 0.000000 12.000000 18 1 2 96
i2 0.000000 12.000000 18 1 2 96
i2 0.000000 12.000000 18 1 2 96
i2 0.000000 12.000000 17 1 2 96
i2 0.000000 12.000000 15 1 2 96
i2 0.000000 12.000000 13 1 2 96
i2 0.000000 12.000000 12 1 2 96
i2 0.000000 12.000000 12 1 2 96
i2 0.000000 12.000000 11 1 2 96
i2 0.000000 12.000000 11 1 2 96
i2 0.000000 12.000000 12 1 2 96
i2 0.000000 12.000000 13 1 2 96
i3 0.000000 12.000000 15 1 3 96
i3 0.000000 12.000000 17 1 3 96
i3 0.000000 12.000000 17 1 3 96
i3 0.000000 12.000000 15 1 3 96
i3 0.000000 12.000000 14 1 3 96
i3 0.000000 12.000000 14 1 3 96
i3 0.000000 12.000000 16 1 3 96
i3 0.000000 12.000000 17 1 3 96
i3 0.000000 12.000000 17 1 3 96
i3 0.000000 12.000000 17 1 3 96
i3 0.000000 12.000000 15 1 3 96
i3 0.000000 12.000000 11 1 3 96
i3 0.000000 12.000000 10 1 3 96
i3 0.000000 12.000000 10 1 3 96
i3 0.000000 12.000000 11 1 3 96
i3 0.000000 12.000000 13 1 3 96
i3 0.000000 12.000000 14 1 3 96
i4 0.000000 12.000000 17 1 4 96
i4 0.000000 12.000000 17 1 4 96
i4 0.000000 12.000000 17 1 4 96
i2 0.000000 12.000000 18 1 2 98
i2 0.000000 12.000000 19 1 2 98
i2 0.000000 12.000000 19 1 2 98
i2 0.000000 12.000000 18 1 2 98
i2 0.000000 12.000000 18 1 2 98
i2 0.000000 12.000000 19 1 2 98
i2 0.000000 12.000000 18 1 2 98
i2 0.000000 12.000000 18 1 2 98
i2 0.000000 12.000000 17 1 2 98
i2 0.000000 12.000000 17 1 2 98
i2 0.000000 12.000000 15 1 2 98
i2 0.000000 12.000000 14 1 2 98
i2 0.000000 12.000000 14 1 2 98
i2 0.000000 12.000000 14 1 2 98
i2 0.000000 12.000000 13 1 2 98
i2 0.000000 12.000000 13 1 2 98
i2 0.000000 12.000000 13 1 2 98
i2 0.000000 12.000000 14 1 2 98
i3 0.000000 12.000000 16 1 3 98
i3 0.000000 12.000000 17 1 3 98
i3 0.000000 12.000000 17 1 3 98
i3 0.000000 12.000000 16 1 3 98
i3 0.000000 12.000000 15 1 3 98
i3 0.000000 12.000000 16 1 3 98
i3 0.000000 12.000000 17 1 3 98
i3 0.000000 12.000000 18 1 3 98
i3 0.000000 12.000000 19 1 3 98
i3 0.000000 12.000000 18 1 3 98
i3 0.000000 12.000000 17 1 3 98
i3 0.000000 12.000000 13 1 3 98
i3 0.000000 12.000000 12 1 3 98
i3 0.000000 12.000000 12 1 3 98
i3 0.000000 12.000000 13 1 3 98
i3 0.000000 12.000000 14 1 3 98
i3 0.000000 12.000000 15 1 3 98
i2 0.000000 12.000000 18 1 2 100
i2 0.000000 12.000000 19 1 2 100
i2 0.000000 12.000000 19 1 2 100
i2 0.000000 12.000000 18 1 2 100
i2 0.000000 12.000000 18 1 2 100
i2 0.000000 12.000000 19 1 2 100
i2 0.000000 12.000000 18 1 2 100
i2 0.000000 12.000000 18 1 2 100
i2 0.000000 12.000000 17 1 2 100
i2 0.000000 12.000000 17 1 2 100
i2 0.000000 12.000000 16 1 2 100
i2 0.000000 12.000000 16 1 2 100
i2 0.000000 12.000000 16 1 2 100
i2 0.000000 12.000000 16 1 2 100
i2 0.000000 12.000000 15 1 2 100
i2 0.000000 12.000000 15 1 2 100
i2 0.000000 12.000000 15 1 2 100
i3 0.000000 12.000000 15 1 3 100
i3 0.000000 12.000000 16 1 3 100
i3 0.000000 12.000000 17 1 3 100
i3 0.000000 12.000000 17 1 3 100
i3 0.000000 12.000000 16 1 3 100
i3 0.000000 12.000000 15 1 3 100
i3 0.000000 12.000000 17 1 3 100
i3 0.000000 12.000000 19 1 3 100
i3 0.000000 12.000000 20 1 3 100
i3 0.000000 12.000000 20 1 3 100
i3 0.000000 12.000000 20 1 3 100
i3 0.000000 12.000000 18 1 3 100
i3 0.000000 12.000000 15 1 3 100
i3 0.000000 12.000000 14 1 3 100
i3 0.000000 12.000000 14 1 3 100
i3 0.000000 12.000000 15 1 3 100
i3 0.000000 12.000000 16 1 3 100
i3 0.000000 12.000000 16 1 3 100
i2 0.000000 12.000000 17 1 2 102
i2 0.000000 12.000000 19 1 2 102
i2 0.000000 12.000000 19 1 2 102
i2 0.000000 12.000000 19 1 2 102
i2 0.000000 12.000000 19 1 2 102
i2 0.000000 12.000000 19 1 2 102
i2 0.000000 12.000000 18 1 2 102
i2 0.000000 12.000000 18 1 2 102
i2 0.000000 12.000000 18 1 2 102
i2 0.000000 12.000000 18 1 2 102
i2 0.000000 12.000000 18 1 2 102
i2 0.000000 12.000000 17 1 2 102
i2 0.000000 12.000000 17 1 2 102
i2 0.000000 12.000000 18 1 2 102
i2 0.000000 12.000000 17 1 2 102
i2 0.000000 12.000000 16 1 2 102
i2 0.000000 12.000000 15 1 2 102
i3 0.000000 12.000000 15 1 3 102
i3 0.000000 12.000000 16 1 3 102
i3 0.000000 12.000000 17 1 3 102
i3 0.000000 12.000000 17 1 3 102
i3 0.000000 12.000000 16 1 3 102
i3 0.000000 12.000000 16 1 3 102
i3 0.000000 12.000000 18 1 3 102
i3 0.000000 12.000000 21 1 3 102
i3 0.000000 12.000000 21 1 3 102
i3 0.000000 12.000000 21 1 3 102
i3 0.000000 12.000000 20 1 3 102
i3 0.000000 12.000000 19 1 3 102
i3 0.000000 12.000000 17 1 3 102
i3 0.000000 12.000000 16 1 3 102
i3 0.000000 12.000000 16 1 3 102
i3 0.000000 12.000000 17 1 3 102
i3 0.000000 12.000000 17 1 3 102
i3 0.000000 12.000000 16 1 3 102
i2 0.000000 12.000000 19 1 2 104
i2 0.000000 12.000000 20 1 2 104
i2 0.000000 12.000000 20 1 2 104
i2 0.000000 12.000000 19 1 2 104
i2 0.000000 12.000000 19 1 2 104
i2 0.000000 12.000000 18 1 2 104
i2 0.000000 12.000000 18 1 2 104
i2 0.000000 12.000000 19 1 2 104
i2 0.000000 12.000000 19 1 2 104
i2 0.000000 12.000000 18 1 2 104
i2 0.000000 12.000000 18 1 2 104
i2 0.000000 12.000000 18 1 2 104
i2 0.000000 12.000000 19 1 2 104
i2 0.000000 12.000000 18 1 2 104
i2 0.000000 12.000000 17 1 2 104
i2 0.000000 12.000000 16 1 2 104
i3 0.000000 12.000000 15 1 3 104
i3 0.000000 12.000000 16 1 3 104
i3 0.000000 12.000000 17 1 3 104
i3 0.000000 12.000000 17 1 3 104
i3 0.000000 12.000000 16 1 3 104
i3 0.000000 12.000000 16 1 3 104
i3 0.000000 12.000000 19 1 3 104
i3 0.000000 12.000000 22 1 3 104
i3 0.000000 12.000000 22 1 3 104
i3 0.000000 12.000000 21 1 3 104
i3 0.000000 12.000000 21 1 3 104
i3 0.000000 12.000000 19 1 3 104
i3 0.000000 12.000000 18 1 3 104
i3 0.000000 12.000000 18 1 3 104
i3 0.000000 12.000000 18 1 3 104
i3 0.000000 12.000000 18 1 3 104
i3 0.000000 12.000000 18 1 3 104
i3 0.000000 12.000000 17 1 3 104
i2 0.000000 12.000000 17 1 2 106
i2 0.000000 12.000000 19 1 2 106
i2 0.000000 12.000000 19 1 2 106
i2 0.000000 12.000000 19 1 2 106
i2 0.000000 12.000000 18 1 2 106
i2 0.000000 12.000000 18 1 2 106
i2 0.000000 12.000000 19 1 2 106
i2 0.000000 12.000000 20 1 2 106
i2 0.000000 12.000000 19 1 2 106
i2 0.000000 12.000000 19 1 2 106
i2 0.000000 12.000000 18 1 2 106
i2 0.000000 12.000000 18 1 2 106
i2 0.000000 12.000000 19 1 2 106
i2 0.000000 12.000000 18 1 2 106
i2 0.000000 12.000000 17 1 2 106
i3 0.000000 12.000000 16 1 3 106
i3 0.000000 12.000000 15 1 3 106
i3 0.000000 12.000000 16 1 3 106
i3 0.000000 12.000000 17 1 3 106
i3 0.000000 12.000000 16 1 3 106
i3 0.000000 12.000000 16 1 3 106
i3 0.000000 12.000000 17 1 3 106
i3 0.000000 12.000000 20 1 3 106
i3 0.000000 12.000000 22 1 3 106
i3 0.000000 12.000000 23 1 3 106
i3 0.000000 12.000000 21 1 3 106
i3 0.000000 12.000000 21 1 3 106
i3 0.000000 12.000000 19 1 3 106
i3 0.000000 12.000000 18 1 3 106
i3 0.000000 12.000000 18 1 3 106
i3 0.000000 12.000000 19 1 3 106
i3 0.000000 12.000000 19 1 3 106
i3 0.000000 12.000000 18 1 3 106
i3 0.000000 12.000000 16 1 3 106
i2 0.000000 12.000000 16 1 2 108
i2 0.000000 12.000000 18 1 2 108
i2 0.000000 12.000000 17 1 2 108
i2 0.000000 12.000000 17 1 2 108
i2 0.000000 12.000000 17 1 2 108
i2 0.000000 12.000000 18 1 2 108
i2 0.000000 12.000000 19 1 2 108
i2 0.000000 12.000000 20 1 2 108
i2 0.000000 12.000000 19 1 2 108
i2 0.000000 12.000000 18 1 2 108
i2 0.000000 12.000000 18 1 2 108
i2 0.000000 12.000000 18 1 2 108
i2 0.000000 12.000000 19 1 2 108
i2 0.000000 12.000000 18 1 2 108
i3 0.000000 12.000000 16 1 3 108
i3 0.000000 12.000000 16 1 3 108
i3 0.000000 12.000000 16 1 3 108
i3 0.000000 12.000000 17 1 3 108
i3 0.000000 12.000000 17 1 3 108
i3 0.000000 12.000000 17 1 3 108
i3 0.000000 12.000000 17 1 3 108
i3 0.000000 12.000000 20 1 3 108
i3 0.000000 12.000000 23 1 3 108
i3 0.000000 12.000000 23 1 3 108
i3 0.000000 12.000000 21 1 3 108
i3 0.000000 12.000000 20 1 3 108
i3 0.000000 12.000000 19 1 3 108
i3 0.000000 12.000000 18 1 3 108
i3 0.000000 12.000000 18 1 3 108
i3 0.000000 12.000000 18 1 3 108
i3 0.000000 12.000000 18 1 3 108
i4 0.000000 12.000000 18 1 4 108
i2 0.000000 12.000000 17 1 2 110
i2 0.000000 12.000000 19 1 2 110
i2 0.000000 12.000000 19 1 2 110
i2 0.000000 12.000000 19 1 2 110
i2 0.000000 12.000000 17 1 2 110
i2 0.000000 12.000000 16 1 2 110
i2 0.000000 12.000000 17 1 2 110
i2 0.000000 12.000000 18 1 2 110
i2 0.000000 12.000000 18 1 2 110
i3 0.000000 12.000000 17 1 3 110
i3 0.000000 12.000000 17 1 3 110
i3 0.000000 12.000000 18 1 3 110
i3 0.000000 12.000000 18 1 3 110
i3 0.000000 12.000000 18 1 3 110
i3 0.000000 12.000000 17 1 3 110
i3 0.000000 12.000000 18 1 3 110
i3 0.000000 12.000000 20 1 3 110
i3 0.000000 12.000000 23 1 3 110
i3 0.000000 12.000000 23 1 3 110
i3 0.000000 12.000000 21 1 3 110
i3 0.000000 12.000000 20 1 3 110
i3 0.000000 12.000000 19 1 3 110
i3 0.000000 12.000000 18 1 3 110
i3 0.000000 12.000000 18 1 3 110
i3 0.000000 12.000000 18 1 3 110
i3 0.000000 12.000000 18 1 3 110
i4 0.000000 12.000000 17 1 4 110
i2 0.000000 12.000000 17 1 2 112
i2 0.000000 12.000000 18 1 2 112
i2 0.000000 12.000000 17 1 2 112
i2 0.000000 12.000000 18 1 2 112
i3 0.000000 12.000000 19 1 3 112
i3 0.000000 12.000000 19 1 3 112
i3 0.000000 12.000000 19 1 3 112
i3 0.000000 12.000000 19 1 3 112
i3 0.000000 12.000000 19 1 3 112
i3 0.000000 12.000000 18 1 3 112
i3 0.000000 12.000000 18 1 3 112
i3 0.000000 12.000000 19 1 3 112
i3 0.000000 12.000000 21 1 3 112
i3 0.000000 12.000000 22 1 3 112
i3 0.000000 12.000000 22 1 3 112
i3 0.000000 12.000000 21 1 3 112
i3 0.000000 12.000000 20 1 3 112
i3 0.000000 12.000000 19 1 3 112
i3 0.000000 12.000000 18 1 3 112
i3 0.000000 12.000000 18 1 3 112
i3 0.000000 12.000000 17 1 3 112
i3 0.000000 12.000000 17 1 3 112
i4 0.000000 12.000000 17 1 4 112
i2 0.000000 12.000000 17 1 2 114
i3 0.000000 12.000000 20 1 3 114
i3 0.000000 12.000000 20 1 3 114
i3 0.000000 12.000000 20 1 3 114
i3 0.000000 12.000000 20 1 3 114
i3 0.000000 12.000000 19 1 3 114
i3 0.000000 12.000000 19 1 3 114
i3 0.000000 12.000000 19 1 3 114
i3 0.000000 12.000000 20 1 3 114
i3 0.000000 12.000000 21 1 3 114
i3 0.000000 12.000000 22 1 3 114
i3 0.000000 12.000000 21 1 3 114
i3 0.000000 12.000000 21 1 3 114
i3 0.000000 12.000000 20 1 3 114
i3 0.000000 12.000000 19 1 3 114
i3 0.000000 12.000000 18 1 3 114
i3 0.000000 12.000000 18 1 3 114
i3 0.000000 12.000000 17 1 3 114
i3 0.000000 12.000000 17 1 3 114
i4 0.000000 12.000000 16 1 4 114
i3 0.000000 12.000000 18 1 3 116
i3 0.000000 12.000000 20 1 3 116
i3 0.000000 12.000000 20 1 3 116
i3 0.000000 12.000000 20 1 3 116
i3 0.000000 12.000000 20 1 3 116
i3 0.000000 12.000000 19 1 3 116
i3 0.000000 12.000000 20 1 3 116
i3 0.000000 12.000000 20 1 3 116
i3 0.000000 12.000000 21 1 3 116
i3 0.000000 12.000000 21 1 3 116
i3 0.000000 12.000000 20 1 3 116
i3 0.000000 12.000000 20 1 3 116
i3 0.000000 12.000000 20 1 3 116
i3 0.000000 12.000000 18 1 3 116
i3 0.000000 12.000000 18 1 3 116
i3 0.000000 12.000000 17 1 3 116
i3 0.000000 12.000000 16 1 3 116
i4 0.000000 12.000000 16 1 4 116
i3 0.000000 12.000000 18 1 3 118
i3 0.000000 12.000000 20 1 3 118
i3 0.000000 12.000000 20 1 3 118
i3 0.000000 12.000000 20 1 3 118
i3 0.000000 12.000000 20 1 3 118
i3 0.000000 12.000000 21 1 3 118
i3 0.000000 12.000000 21 1 3 118
i3 0.000000 12.000000 20 1 3 118
i3 0.000000 12.000000 20 1 3 118
i3 0.000000 12.000000 20 1 3 118
i3 0.000000 12.000000 20 1 3 118
i3 0.000000 12.000000 20 1 3 118
i3 0.000000 12.000000 19 1 3 118
i3 0.000000 12.000000 18 1 3 118
i3 0.000000 12.000000 17 1 3 118
i3 0.000000 12.000000 18 1 3 120
i3 0.000000 12.000000 20 1 3 120
i3 0.000000 12.000000 20 1 3 120
i3 0.000000 12.000000 20 1 3 120
i3 0.000000 12.000000 21 1 3 120
i3 0.000000 12.000000 21 1 3 120
i3 0.000000 12.000000 20 1 3 120
i3 0.000000 12.000000 20 1 3 120
i3 0.000000 12.000000 19 1 3 120
i3 0.000000 12.000000 20 1 3 120
i3 0.000000 12.000000 20 1 3 120
i3 0.000000 12.000000 19 1 3 120
i3 0.000000 12.000000 18 1 3 120
i3 0.000000 12.000000 16 1 3 120
i3 0.000000 12.000000 17 1 3 122
i3 0.000000 12.000000 18 1 3 122
i3 0.000000 12.000000 19 1 3 122
i3 0.000000 12.000000 20 1 3 122
i3 0.000000 12.000000 20 1 3 122
i3 0.000000 12.000000 19 1 3 122
i3 0.000000 12.000000 19 1 3 122
i3 0.000000 12.000000 19 1 3 122
i3 0.000000 12.000000 20 1 3 122
i3 0.000000 12.000000 20 1 3 122
i3 0.000000 12.000000 19 1 3 122
i3 0.000000 12.000000 17 1 3 122
i3 0.000000 12.000000 17 1 3 124
i3 0.000000 12.000000 18 1 3 124
i3 0.000000 12.000000 18 1 3 124
i3 0.000000 12.000000 18 1 3 124
i3 0.000000 12.000000 18 1 3 124
i3 0.000000 12.000000 19 1 3 124
i3 0.000000 12.000000 19 1 3 124
i3 0.000000 12.000000 19 1 3 124
i3 0.000000 12.000000 18 1 3 124
i3 0.000000 12.000000 16 1 3 126
i3 0.000000 12.000000 17 1 3 126
i3 0.000000 12.000000 17 1 3 126

</CsScore>
</CsoundSynthesizer>
