; James Keary - FROM THE HEADER FILE!
; General Midi Testing File - Write out Midi files for loading into a DAW, 
; can open output midi file (located in your username file) in Sibelius, 
; Finale, and Logic.  If opening in Finale, make sure to check the box 
; \"Channels Become Staves\" under import midi file options, so that the 
; channels will be split into different instruments. 
<CsoundSynthesizer>
<CsOptions>
-t60 -g -d -m0 -n
; -m0 suppresses f-tables displaying in terminal, --nosound no sound files 
; written, just a midi file written to your username file. 
</CsOptions>
<CsInstruments>

sr		=	44100
ksmps	=	100
nchnls	=	2
0dbfs	= 	1

#include "../CsoundFiles/Chromatic.txt"
;
#include "../CsoundFiles/MIDI.txt"
;
giVelocities ftgen 0, 0, -8, -2, 87, 88, 89, 90, 91, 92, 93, 94

$MIDI(1)
$MIDI(2)
$MIDI(3)
$MIDI(4)

</CsInstruments>
<CsScore>
; p1 - instrument, p2 - start time, p3 - duration, p4 - note index, p5 - velocity, p6 - channel number p7 - pan (btwn 0 and 127, where 64 is dead center, 0 is hard left and 127 is hard right)
i1 0.000000 12.000000 21 1 1 1
i1 0.000000 12.000000 22 1 1 1
i1 0.000000 12.000000 22 1 1 1
i1 0.000000 12.000000 23 1 1 1
i1 0.000000 12.000000 23 1 1 1
i1 0.000000 12.000000 24 1 1 1
i1 0.000000 12.000000 18 1 1 3
i1 0.000000 12.000000 18 1 1 3
i1 0.000000 12.000000 19 1 1 3
i1 0.000000 12.000000 19 1 1 3
i1 0.000000 12.000000 21 1 1 3
i1 0.000000 12.000000 22 1 1 3
i1 0.000000 12.000000 22 1 1 3
i1 0.000000 12.000000 23 1 1 3
i1 0.000000 12.000000 23 1 1 3
i1 0.000000 12.000000 24 1 1 3
i1 0.000000 12.000000 24 1 1 3
i1 0.000000 12.000000 17 1 1 5
i1 0.000000 12.000000 18 1 1 5
i1 0.000000 12.000000 18 1 1 5
i1 0.000000 12.000000 19 1 1 5
i1 0.000000 12.000000 19 1 1 5
i1 0.000000 12.000000 20 1 1 5
i1 0.000000 12.000000 21 1 1 5
i1 0.000000 12.000000 22 1 1 5
i1 0.000000 12.000000 22 1 1 5
i1 0.000000 12.000000 23 1 1 5
i1 0.000000 12.000000 23 1 1 5
i1 0.000000 12.000000 24 1 1 5
i1 0.000000 12.000000 24 1 1 5
i1 0.000000 12.000000 25 1 1 5
i1 0.000000 12.000000 15 1 1 7
i1 0.000000 12.000000 16 1 1 7
i1 0.000000 12.000000 16 1 1 7
i1 0.000000 12.000000 17 1 1 7
i1 0.000000 12.000000 17 1 1 7
i1 0.000000 12.000000 18 1 1 7
i1 0.000000 12.000000 18 1 1 7
i1 0.000000 12.000000 19 1 1 7
i1 0.000000 12.000000 19 1 1 7
i1 0.000000 12.000000 20 1 1 7
i1 0.000000 12.000000 20 1 1 7
i1 0.000000 12.000000 21 1 1 7
i1 0.000000 12.000000 22 1 1 7
i1 0.000000 12.000000 22 1 1 7
i1 0.000000 12.000000 23 1 1 7
i1 0.000000 12.000000 23 1 1 7
i1 0.000000 12.000000 24 1 1 7
i1 0.000000 12.000000 24 1 1 7
i1 0.000000 12.000000 25 1 1 7
i1 0.000000 12.000000 25 1 1 7
i1 0.000000 12.000000 15 1 1 9
i1 0.000000 12.000000 15 1 1 9
i1 0.000000 12.000000 16 1 1 9
i1 0.000000 12.000000 16 1 1 9
i1 0.000000 12.000000 17 1 1 9
i1 0.000000 12.000000 17 1 1 9
i1 0.000000 12.000000 18 1 1 9
i1 0.000000 12.000000 18 1 1 9
i1 0.000000 12.000000 19 1 1 9
i1 0.000000 12.000000 19 1 1 9
i1 0.000000 12.000000 20 1 1 9
i1 0.000000 12.000000 20 1 1 9
i1 0.000000 12.000000 21 1 1 9
i1 0.000000 12.000000 21 1 1 9
i1 0.000000 12.000000 22 1 1 9
i1 0.000000 12.000000 22 1 1 9
i1 0.000000 12.000000 23 1 1 9
i1 0.000000 12.000000 23 1 1 9
i1 0.000000 12.000000 24 1 1 9
i1 0.000000 12.000000 24 1 1 9
i1 0.000000 12.000000 25 1 1 9
i1 0.000000 12.000000 25 1 1 9
i1 0.000000 12.000000 26 1 1 9
i1 0.000000 12.000000 26 1 1 9
i1 0.000000 12.000000 27 1 1 9
i1 0.000000 12.000000 27 1 1 9
i1 0.000000 12.000000 28 1 1 9
i1 0.000000 12.000000 28 1 1 9
i1 0.000000 12.000000 29 1 1 9
i1 0.000000 12.000000 14 1 1 10
i1 0.000000 12.000000 15 1 1 10
i1 0.000000 12.000000 15 1 1 10
i1 0.000000 12.000000 16 1 1 10
i1 0.000000 12.000000 16 1 1 10
i1 0.000000 12.000000 17 1 1 10
i1 0.000000 12.000000 17 1 1 10
i1 0.000000 12.000000 18 1 1 10
i1 0.000000 12.000000 18 1 1 10
i1 0.000000 12.000000 19 1 1 10
i1 0.000000 12.000000 19 1 1 10
i1 0.000000 12.000000 20 1 1 10
i1 0.000000 12.000000 20 1 1 10
i1 0.000000 12.000000 21 1 1 10
i1 0.000000 12.000000 21 1 1 10
i1 0.000000 12.000000 22 1 1 10
i1 0.000000 12.000000 22 1 1 10
i1 0.000000 12.000000 23 1 1 10
i1 0.000000 12.000000 23 1 1 10
i1 0.000000 12.000000 24 1 1 10
i1 0.000000 12.000000 24 1 1 10
i1 0.000000 12.000000 25 1 1 10
i1 0.000000 12.000000 25 1 1 10
i1 0.000000 12.000000 26 1 1 10
i1 0.000000 12.000000 26 1 1 10
i1 0.000000 12.000000 27 1 1 10
i1 0.000000 12.000000 27 1 1 10
i1 0.000000 12.000000 28 1 1 10
i1 0.000000 12.000000 28 1 1 10
i1 0.000000 12.000000 29 1 1 10
i1 0.000000 12.000000 29 1 1 10
i1 0.000000 12.000000 30 1 1 10
i1 0.000000 12.000000 11 1 1 12
i1 0.000000 12.000000 12 1 1 12
i1 0.000000 12.000000 12 1 1 12
i1 0.000000 12.000000 13 1 1 12
i1 0.000000 12.000000 13 1 1 12
i1 0.000000 12.000000 14 1 1 12
i1 0.000000 12.000000 14 1 1 12
i1 0.000000 12.000000 15 1 1 12
i1 0.000000 12.000000 15 1 1 12
i1 0.000000 12.000000 16 1 1 12
i1 0.000000 12.000000 16 1 1 12
i1 0.000000 12.000000 17 1 1 12
i1 0.000000 12.000000 17 1 1 12
i1 0.000000 12.000000 18 1 1 12
i2 0.000000 12.000000 18 1 2 12
i2 0.000000 12.000000 19 1 2 12
i1 0.000000 12.000000 19 1 1 12
i1 0.000000 12.000000 20 1 1 12
i1 0.000000 12.000000 20 1 1 12
i1 0.000000 12.000000 21 1 1 12
i1 0.000000 12.000000 21 1 1 12
i1 0.000000 12.000000 22 1 1 12
i1 0.000000 12.000000 22 1 1 12
i1 0.000000 12.000000 23 1 1 12
i1 0.000000 12.000000 23 1 1 12
i1 0.000000 12.000000 24 1 1 12
i1 0.000000 12.000000 24 1 1 12
i1 0.000000 12.000000 25 1 1 12
i1 0.000000 12.000000 25 1 1 12
i1 0.000000 12.000000 26 1 1 12
i1 0.000000 12.000000 26 1 1 12
i1 0.000000 12.000000 27 1 1 12
i1 0.000000 12.000000 27 1 1 12
i1 0.000000 12.000000 28 1 1 12
i1 0.000000 12.000000 28 1 1 12
i1 0.000000 12.000000 29 1 1 12
i1 0.000000 12.000000 29 1 1 12
i1 0.000000 12.000000 30 1 1 12
i1 0.000000 12.000000 30 1 1 12
i1 0.000000 12.000000 31 1 1 12
i1 0.000000 12.000000 10 1 1 14
i1 0.000000 12.000000 10 1 1 14
i1 0.000000 12.000000 11 1 1 14
i1 0.000000 12.000000 11 1 1 14
i1 0.000000 12.000000 12 1 1 14
i1 0.000000 12.000000 12 1 1 14
i1 0.000000 12.000000 13 1 1 14
i1 0.000000 12.000000 13 1 1 14
i1 0.000000 12.000000 14 1 1 14
i1 0.000000 12.000000 14 1 1 14
i1 0.000000 12.000000 15 1 1 14
i1 0.000000 12.000000 15 1 1 14
i1 0.000000 12.000000 16 1 1 14
i1 0.000000 12.000000 16 1 1 14
i1 0.000000 12.000000 17 1 1 14
i1 0.000000 12.000000 17 1 1 14
i1 0.000000 12.000000 18 1 1 14
i2 0.000000 12.000000 18 1 2 14
i2 0.000000 12.000000 19 1 2 14
i1 0.000000 12.000000 19 1 1 14
i1 0.000000 12.000000 20 1 1 14
i1 0.000000 12.000000 20 1 1 14
i1 0.000000 12.000000 21 1 1 14
i1 0.000000 12.000000 21 1 1 14
i1 0.000000 12.000000 22 1 1 14
i1 0.000000 12.000000 22 1 1 14
i1 0.000000 12.000000 23 1 1 14
i1 0.000000 12.000000 23 1 1 14
i1 0.000000 12.000000 24 1 1 14
i1 0.000000 12.000000 24 1 1 14
i1 0.000000 12.000000 25 1 1 14
i1 0.000000 12.000000 25 1 1 14
i1 0.000000 12.000000 26 1 1 14
i1 0.000000 12.000000 26 1 1 14
i2 0.000000 12.000000 27 1 2 14
i2 0.000000 12.000000 27 1 2 14
i1 0.000000 12.000000 28 1 1 14
i1 0.000000 12.000000 28 1 1 14
i1 0.000000 12.000000 29 1 1 14
i1 0.000000 12.000000 29 1 1 14
i1 0.000000 12.000000 30 1 1 14
i1 0.000000 12.000000 30 1 1 14
i1 0.000000 12.000000 31 1 1 14
i1 0.000000 12.000000 9 1 1 16
i1 0.000000 12.000000 10 1 1 16
i1 0.000000 12.000000 10 1 1 16
i1 0.000000 12.000000 11 1 1 16
i2 0.000000 12.000000 11 1 2 16
i2 0.000000 12.000000 12 1 2 16
i1 0.000000 12.000000 12 1 1 16
i1 0.000000 12.000000 13 1 1 16
i1 0.000000 12.000000 13 1 1 16
i1 0.000000 12.000000 14 1 1 16
i1 0.000000 12.000000 14 1 1 16
i1 0.000000 12.000000 15 1 1 16
i1 0.000000 12.000000 15 1 1 16
i1 0.000000 12.000000 16 1 1 16
i1 0.000000 12.000000 16 1 1 16
i1 0.000000 12.000000 17 1 1 16
i1 0.000000 12.000000 17 1 1 16
i1 0.000000 12.000000 18 1 1 16
i2 0.000000 12.000000 18 1 2 16
i2 0.000000 12.000000 19 1 2 16
i1 0.000000 12.000000 19 1 1 16
i1 0.000000 12.000000 20 1 1 16
i1 0.000000 12.000000 20 1 1 16
i1 0.000000 12.000000 21 1 1 16
i1 0.000000 12.000000 21 1 1 16
i1 0.000000 12.000000 22 1 1 16
i1 0.000000 12.000000 22 1 1 16
i1 0.000000 12.000000 23 1 1 16
i1 0.000000 12.000000 23 1 1 16
i1 0.000000 12.000000 24 1 1 16
i1 0.000000 12.000000 24 1 1 16
i1 0.000000 12.000000 25 1 1 16
i1 0.000000 12.000000 25 1 1 16
i1 0.000000 12.000000 26 1 1 16
i1 0.000000 12.000000 26 1 1 16
i1 0.000000 12.000000 27 1 1 16
i2 0.000000 12.000000 27 1 2 16
i1 0.000000 12.000000 28 1 1 16
i1 0.000000 12.000000 28 1 1 16
i1 0.000000 12.000000 29 1 1 16
i1 0.000000 12.000000 29 1 1 16
i1 0.000000 12.000000 30 1 1 16
i1 0.000000 12.000000 30 1 1 16
i1 0.000000 12.000000 31 1 1 16
i1 0.000000 12.000000 31 1 1 16
i1 0.000000 12.000000 9 1 1 18
i2 0.000000 12.000000 10 1 2 18
i2 0.000000 12.000000 10 1 2 18
i2 0.000000 12.000000 11 1 2 18
i2 0.000000 12.000000 11 1 2 18
i2 0.000000 12.000000 12 1 2 18
i1 0.000000 12.000000 12 1 1 18
i1 0.000000 12.000000 13 1 1 18
i1 0.000000 12.000000 13 1 1 18
i1 0.000000 12.000000 14 1 1 18
i1 0.000000 12.000000 14 1 1 18
i1 0.000000 12.000000 15 1 1 18
i1 0.000000 12.000000 15 1 1 18
i1 0.000000 12.000000 16 1 1 18
i1 0.000000 12.000000 16 1 1 18
i1 0.000000 12.000000 17 1 1 18
i1 0.000000 12.000000 17 1 1 18
i1 0.000000 12.000000 18 1 1 18
i1 0.000000 12.000000 18 1 1 18
i1 0.000000 12.000000 19 1 1 18
i1 0.000000 12.000000 19 1 1 18
i1 0.000000 12.000000 20 1 1 18
i1 0.000000 12.000000 20 1 1 18
i1 0.000000 12.000000 21 1 1 18
i1 0.000000 12.000000 21 1 1 18
i1 0.000000 12.000000 22 1 1 18
i1 0.000000 12.000000 22 1 1 18
i1 0.000000 12.000000 23 1 1 18
i1 0.000000 12.000000 23 1 1 18
i1 0.000000 12.000000 24 1 1 18
i1 0.000000 12.000000 24 1 1 18
i1 0.000000 12.000000 26 1 1 18
i1 0.000000 12.000000 26 1 1 18
i1 0.000000 12.000000 27 1 1 18
i1 0.000000 12.000000 27 1 1 18
i1 0.000000 12.000000 28 1 1 18
i1 0.000000 12.000000 28 1 1 18
i1 0.000000 12.000000 29 1 1 18
i1 0.000000 12.000000 29 1 1 18
i1 0.000000 12.000000 30 1 1 18
i1 0.000000 12.000000 30 1 1 18
i1 0.000000 12.000000 31 1 1 18
i1 0.000000 12.000000 31 1 1 18
i1 0.000000 12.000000 32 1 1 18
i1 0.000000 12.000000 8 1 1 20
i1 0.000000 12.000000 9 1 1 20
i1 0.000000 12.000000 9 1 1 20
i2 0.000000 12.000000 10 1 2 20
i2 0.000000 12.000000 10 1 2 20
i1 0.000000 12.000000 11 1 1 20
i1 0.000000 12.000000 11 1 1 20
i1 0.000000 12.000000 12 1 1 20
i1 0.000000 12.000000 12 1 1 20
i1 0.000000 12.000000 13 1 1 20
i1 0.000000 12.000000 13 1 1 20
i1 0.000000 12.000000 14 1 1 20
i1 0.000000 12.000000 14 1 1 20
i1 0.000000 12.000000 15 1 1 20
i1 0.000000 12.000000 15 1 1 20
i1 0.000000 12.000000 16 1 1 20
i1 0.000000 12.000000 16 1 1 20
i1 0.000000 12.000000 17 1 1 20
i1 0.000000 12.000000 17 1 1 20
i1 0.000000 12.000000 18 1 1 20
i1 0.000000 12.000000 18 1 1 20
i1 0.000000 12.000000 19 1 1 20
i1 0.000000 12.000000 19 1 1 20
i1 0.000000 12.000000 20 1 1 20
i1 0.000000 12.000000 20 1 1 20
i1 0.000000 12.000000 21 1 1 20
i1 0.000000 12.000000 21 1 1 20
i1 0.000000 12.000000 22 1 1 20
i1 0.000000 12.000000 22 1 1 20
i1 0.000000 12.000000 23 1 1 20
i1 0.000000 12.000000 23 1 1 20
i1 0.000000 12.000000 24 1 1 20
i1 0.000000 12.000000 24 1 1 20
i1 0.000000 12.000000 26 1 1 20
i1 0.000000 12.000000 27 1 1 20
i1 0.000000 12.000000 27 1 1 20
i1 0.000000 12.000000 28 1 1 20
i1 0.000000 12.000000 28 1 1 20
i1 0.000000 12.000000 29 1 1 20
i1 0.000000 12.000000 29 1 1 20
i1 0.000000 12.000000 30 1 1 20
i1 0.000000 12.000000 30 1 1 20
i1 0.000000 12.000000 31 1 1 20
i1 0.000000 12.000000 31 1 1 20
i1 0.000000 12.000000 32 1 1 20
i1 0.000000 12.000000 32 1 1 20
i1 0.000000 12.000000 7 1 1 21
i1 0.000000 12.000000 8 1 1 21
i1 0.000000 12.000000 8 1 1 21
i1 0.000000 12.000000 9 1 1 21
i2 0.000000 12.000000 9 1 2 21
i2 0.000000 12.000000 10 1 2 21
i1 0.000000 12.000000 10 1 1 21
i1 0.000000 12.000000 11 1 1 21
i1 0.000000 12.000000 11 1 1 21
i1 0.000000 12.000000 12 1 1 21
i1 0.000000 12.000000 12 1 1 21
i1 0.000000 12.000000 13 1 1 21
i1 0.000000 12.000000 13 1 1 21
i1 0.000000 12.000000 14 1 1 21
i1 0.000000 12.000000 14 1 1 21
i1 0.000000 12.000000 15 1 1 21
i1 0.000000 12.000000 15 1 1 21
i1 0.000000 12.000000 16 1 1 21
i1 0.000000 12.000000 16 1 1 21
i1 0.000000 12.000000 17 1 1 21
i1 0.000000 12.000000 17 1 1 21
i1 0.000000 12.000000 18 1 1 21
i1 0.000000 12.000000 18 1 1 21
i1 0.000000 12.000000 19 1 1 21
i1 0.000000 12.000000 19 1 1 21
i1 0.000000 12.000000 20 1 1 21
i1 0.000000 12.000000 20 1 1 21
i1 0.000000 12.000000 21 1 1 21
i1 0.000000 12.000000 21 1 1 21
i1 0.000000 12.000000 22 1 1 21
i1 0.000000 12.000000 22 1 1 21
i1 0.000000 12.000000 23 1 1 21
i1 0.000000 12.000000 23 1 1 21
i1 0.000000 12.000000 24 1 1 21
i1 0.000000 12.000000 24 1 1 21
i1 0.000000 12.000000 25 1 1 21
i1 0.000000 12.000000 27 1 1 21
i1 0.000000 12.000000 27 1 1 21
i1 0.000000 12.000000 28 1 1 21
i1 0.000000 12.000000 28 1 1 21
i1 0.000000 12.000000 29 1 1 21
i1 0.000000 12.000000 29 1 1 21
i1 0.000000 12.000000 30 1 1 21
i1 0.000000 12.000000 30 1 1 21
i1 0.000000 12.000000 31 1 1 21
i1 0.000000 12.000000 31 1 1 21
i1 0.000000 12.000000 32 1 1 21
i1 0.000000 12.000000 32 1 1 21
i1 0.000000 12.000000 33 1 1 21
i1 0.000000 12.000000 7 1 1 23
i1 0.000000 12.000000 7 1 1 23
i1 0.000000 12.000000 8 1 1 23
i1 0.000000 12.000000 8 1 1 23
i1 0.000000 12.000000 9 1 1 23
i2 0.000000 12.000000 9 1 2 23
i2 0.000000 12.000000 10 1 2 23
i1 0.000000 12.000000 10 1 1 23
i1 0.000000 12.000000 11 1 1 23
i1 0.000000 12.000000 11 1 1 23
i1 0.000000 12.000000 12 1 1 23
i1 0.000000 12.000000 12 1 1 23
i1 0.000000 12.000000 13 1 1 23
i1 0.000000 12.000000 13 1 1 23
i1 0.000000 12.000000 14 1 1 23
i1 0.000000 12.000000 14 1 1 23
i1 0.000000 12.000000 15 1 1 23
i1 0.000000 12.000000 15 1 1 23
i1 0.000000 12.000000 16 1 1 23
i1 0.000000 12.000000 16 1 1 23
i1 0.000000 12.000000 17 1 1 23
i1 0.000000 12.000000 17 1 1 23
i1 0.000000 12.000000 18 1 1 23
i1 0.000000 12.000000 18 1 1 23
i1 0.000000 12.000000 19 1 1 23
i1 0.000000 12.000000 19 1 1 23
i1 0.000000 12.000000 20 1 1 23
i1 0.000000 12.000000 20 1 1 23
i1 0.000000 12.000000 21 1 1 23
i1 0.000000 12.000000 21 1 1 23
i1 0.000000 12.000000 22 1 1 23
i1 0.000000 12.000000 22 1 1 23
i1 0.000000 12.000000 23 1 1 23
i1 0.000000 12.000000 23 1 1 23
i1 0.000000 12.000000 24 1 1 23
i1 0.000000 12.000000 24 1 1 23
i1 0.000000 12.000000 25 1 1 23
i1 0.000000 12.000000 25 1 1 23
i1 0.000000 12.000000 27 1 1 23
i1 0.000000 12.000000 27 1 1 23
i1 0.000000 12.000000 28 1 1 23
i1 0.000000 12.000000 28 1 1 23
i1 0.000000 12.000000 29 1 1 23
i1 0.000000 12.000000 29 1 1 23
i1 0.000000 12.000000 30 1 1 23
i1 0.000000 12.000000 30 1 1 23
i1 0.000000 12.000000 31 1 1 23
i1 0.000000 12.000000 31 1 1 23
i1 0.000000 12.000000 32 1 1 23
i1 0.000000 12.000000 32 1 1 23
i1 0.000000 12.000000 33 1 1 23
i1 0.000000 12.000000 33 1 1 23
i1 0.000000 12.000000 6 1 1 25
i1 0.000000 12.000000 7 1 1 25
i1 0.000000 12.000000 7 1 1 25
i1 0.000000 12.000000 8 1 1 25
i1 0.000000 12.000000 8 1 1 25
i1 0.000000 12.000000 9 1 1 25
i2 0.000000 12.000000 9 1 2 25
i2 0.000000 12.000000 10 1 2 25
i1 0.000000 12.000000 10 1 1 25
i1 0.000000 12.000000 11 1 1 25
i1 0.000000 12.000000 12 1 1 25
i1 0.000000 12.000000 13 1 1 25
i1 0.000000 12.000000 13 1 1 25
i1 0.000000 12.000000 14 1 1 25
i1 0.000000 12.000000 14 1 1 25
i1 0.000000 12.000000 15 1 1 25
i1 0.000000 12.000000 15 1 1 25
i1 0.000000 12.000000 16 1 1 25
i1 0.000000 12.000000 16 1 1 25
i1 0.000000 12.000000 17 1 1 25
i1 0.000000 12.000000 17 1 1 25
i1 0.000000 12.000000 18 1 1 25
i1 0.000000 12.000000 18 1 1 25
i1 0.000000 12.000000 19 1 1 25
i1 0.000000 12.000000 19 1 1 25
i1 0.000000 12.000000 20 1 1 25
i1 0.000000 12.000000 20 1 1 25
i1 0.000000 12.000000 21 1 1 25
i1 0.000000 12.000000 21 1 1 25
i1 0.000000 12.000000 22 1 1 25
i1 0.000000 12.000000 22 1 1 25
i1 0.000000 12.000000 23 1 1 25
i1 0.000000 12.000000 23 1 1 25
i1 0.000000 12.000000 24 1 1 25
i1 0.000000 12.000000 24 1 1 25
i1 0.000000 12.000000 25 1 1 25
i1 0.000000 12.000000 25 1 1 25
i1 0.000000 12.000000 26 1 1 25
i1 0.000000 12.000000 27 1 1 25
i1 0.000000 12.000000 27 1 1 25
i1 0.000000 12.000000 28 1 1 25
i1 0.000000 12.000000 28 1 1 25
i1 0.000000 12.000000 29 1 1 25
i1 0.000000 12.000000 29 1 1 25
i1 0.000000 12.000000 30 1 1 25
i1 0.000000 12.000000 30 1 1 25
i1 0.000000 12.000000 31 1 1 25
i1 0.000000 12.000000 31 1 1 25
i1 0.000000 12.000000 32 1 1 25
i1 0.000000 12.000000 32 1 1 25
i1 0.000000 12.000000 33 1 1 25
i1 0.000000 12.000000 33 1 1 25
i1 0.000000 12.000000 34 1 1 25
i1 0.000000 12.000000 6 1 1 27
i1 0.000000 12.000000 6 1 1 27
i1 0.000000 12.000000 7 1 1 27
i1 0.000000 12.000000 7 1 1 27
i1 0.000000 12.000000 8 1 1 27
i1 0.000000 12.000000 8 1 1 27
i2 0.000000 12.000000 9 1 2 27
i2 0.000000 12.000000 9 1 2 27
i2 0.000000 12.000000 10 1 2 27
i1 0.000000 12.000000 10 1 1 27
i1 0.000000 12.000000 11 1 1 27
i1 0.000000 12.000000 13 1 1 27
i1 0.000000 12.000000 13 1 1 27
i1 0.000000 12.000000 14 1 1 27
i1 0.000000 12.000000 14 1 1 27
i1 0.000000 12.000000 15 1 1 27
i1 0.000000 12.000000 15 1 1 27
i1 0.000000 12.000000 16 1 1 27
i1 0.000000 12.000000 16 1 1 27
i1 0.000000 12.000000 17 1 1 27
i1 0.000000 12.000000 17 1 1 27
i1 0.000000 12.000000 18 1 1 27
i1 0.000000 12.000000 18 1 1 27
i1 0.000000 12.000000 19 1 1 27
i1 0.000000 12.000000 19 1 1 27
i1 0.000000 12.000000 20 1 1 27
i1 0.000000 12.000000 20 1 1 27
i1 0.000000 12.000000 21 1 1 27
i1 0.000000 12.000000 21 1 1 27
i1 0.000000 12.000000 22 1 1 27
i1 0.000000 12.000000 22 1 1 27
i1 0.000000 12.000000 23 1 1 27
i1 0.000000 12.000000 23 1 1 27
i1 0.000000 12.000000 24 1 1 27
i1 0.000000 12.000000 24 1 1 27
i1 0.000000 12.000000 25 1 1 27
i1 0.000000 12.000000 25 1 1 27
i1 0.000000 12.000000 26 1 1 27
i1 0.000000 12.000000 26 1 1 27
i1 0.000000 12.000000 27 1 1 27
i1 0.000000 12.000000 27 1 1 27
i1 0.000000 12.000000 28 1 1 27
i1 0.000000 12.000000 28 1 1 27
i1 0.000000 12.000000 29 1 1 27
i1 0.000000 12.000000 29 1 1 27
i1 0.000000 12.000000 30 1 1 27
i1 0.000000 12.000000 30 1 1 27
i1 0.000000 12.000000 31 1 1 27
i1 0.000000 12.000000 31 1 1 27
i1 0.000000 12.000000 32 1 1 27
i1 0.000000 12.000000 32 1 1 27
i1 0.000000 12.000000 33 1 1 27
i1 0.000000 12.000000 33 1 1 27
i1 0.000000 12.000000 34 1 1 27
i1 0.000000 12.000000 5 1 1 29
i1 0.000000 12.000000 6 1 1 29
i1 0.000000 12.000000 6 1 1 29
i1 0.000000 12.000000 7 1 1 29
i1 0.000000 12.000000 7 1 1 29
i1 0.000000 12.000000 8 1 1 29
i1 0.000000 12.000000 8 1 1 29
i2 0.000000 12.000000 9 1 2 29
i2 0.000000 12.000000 9 1 2 29
i2 0.000000 12.000000 10 1 2 29
i1 0.000000 12.000000 10 1 1 29
i1 0.000000 12.000000 11 1 1 29
i1 0.000000 12.000000 13 1 1 29
i1 0.000000 12.000000 14 1 1 29
i1 0.000000 12.000000 14 1 1 29
i1 0.000000 12.000000 15 1 1 29
i1 0.000000 12.000000 15 1 1 29
i1 0.000000 12.000000 16 1 1 29
i1 0.000000 12.000000 16 1 1 29
i1 0.000000 12.000000 17 1 1 29
i1 0.000000 12.000000 17 1 1 29
i1 0.000000 12.000000 18 1 1 29
i1 0.000000 12.000000 19 1 1 29
i1 0.000000 12.000000 19 1 1 29
i1 0.000000 12.000000 20 1 1 29
i1 0.000000 12.000000 20 1 1 29
i1 0.000000 12.000000 21 1 1 29
i1 0.000000 12.000000 21 1 1 29
i1 0.000000 12.000000 22 1 1 29
i1 0.000000 12.000000 22 1 1 29
i1 0.000000 12.000000 23 1 1 29
i1 0.000000 12.000000 23 1 1 29
i1 0.000000 12.000000 24 1 1 29
i1 0.000000 12.000000 24 1 1 29
i1 0.000000 12.000000 25 1 1 29
i1 0.000000 12.000000 25 1 1 29
i1 0.000000 12.000000 26 1 1 29
i1 0.000000 12.000000 26 1 1 29
i1 0.000000 12.000000 27 1 1 29
i1 0.000000 12.000000 27 1 1 29
i1 0.000000 12.000000 28 1 1 29
i1 0.000000 12.000000 28 1 1 29
i1 0.000000 12.000000 29 1 1 29
i1 0.000000 12.000000 29 1 1 29
i1 0.000000 12.000000 30 1 1 29
i1 0.000000 12.000000 30 1 1 29
i1 0.000000 12.000000 31 1 1 29
i1 0.000000 12.000000 31 1 1 29
i1 0.000000 12.000000 32 1 1 29
i1 0.000000 12.000000 32 1 1 29
i1 0.000000 12.000000 33 1 1 29
i1 0.000000 12.000000 33 1 1 29
i1 0.000000 12.000000 34 1 1 29
i1 0.000000 12.000000 34 1 1 29
i1 0.000000 12.000000 5 1 1 31
i1 0.000000 12.000000 6 1 1 31
i1 0.000000 12.000000 6 1 1 31
i1 0.000000 12.000000 7 1 1 31
i1 0.000000 12.000000 7 1 1 31
i1 0.000000 12.000000 8 1 1 31
i1 0.000000 12.000000 8 1 1 31
i2 0.000000 12.000000 9 1 2 31
i2 0.000000 12.000000 9 1 2 31
i2 0.000000 12.000000 10 1 2 31
i1 0.000000 12.000000 10 1 1 31
i1 0.000000 12.000000 11 1 1 31
i1 0.000000 12.000000 14 1 1 31
i1 0.000000 12.000000 14 1 1 31
i1 0.000000 12.000000 15 1 1 31
i1 0.000000 12.000000 15 1 1 31
i1 0.000000 12.000000 16 1 1 31
i1 0.000000 12.000000 16 1 1 31
i1 0.000000 12.000000 17 1 1 31
i1 0.000000 12.000000 19 1 1 31
i1 0.000000 12.000000 19 1 1 31
i1 0.000000 12.000000 20 1 1 31
i1 0.000000 12.000000 20 1 1 31
i1 0.000000 12.000000 23 1 1 31
i1 0.000000 12.000000 23 1 1 31
i1 0.000000 12.000000 24 1 1 31
i1 0.000000 12.000000 24 1 1 31
i1 0.000000 12.000000 25 1 1 31
i1 0.000000 12.000000 25 1 1 31
i1 0.000000 12.000000 26 1 1 31
i1 0.000000 12.000000 27 1 1 31
i1 0.000000 12.000000 28 1 1 31
i1 0.000000 12.000000 28 1 1 31
i1 0.000000 12.000000 29 1 1 31
i1 0.000000 12.000000 29 1 1 31
i1 0.000000 12.000000 30 1 1 31
i1 0.000000 12.000000 30 1 1 31
i1 0.000000 12.000000 31 1 1 31
i1 0.000000 12.000000 31 1 1 31
i1 0.000000 12.000000 32 1 1 31
i1 0.000000 12.000000 32 1 1 31
i1 0.000000 12.000000 33 1 1 31
i1 0.000000 12.000000 33 1 1 31
i1 0.000000 12.000000 34 1 1 31
i1 0.000000 12.000000 34 1 1 31
i1 0.000000 12.000000 35 1 1 31
i1 0.000000 12.000000 5 1 1 32
i1 0.000000 12.000000 6 1 1 32
i1 0.000000 12.000000 6 1 1 32
i1 0.000000 12.000000 7 1 1 32
i1 0.000000 12.000000 7 1 1 32
i1 0.000000 12.000000 8 1 1 32
i1 0.000000 12.000000 8 1 1 32
i2 0.000000 12.000000 9 1 2 32
i2 0.000000 12.000000 9 1 2 32
i2 0.000000 12.000000 10 1 2 32
i1 0.000000 12.000000 10 1 1 32
i1 0.000000 12.000000 11 1 1 32
i1 0.000000 12.000000 11 1 1 32
i1 0.000000 12.000000 14 1 1 32
i1 0.000000 12.000000 15 1 1 32
i1 0.000000 12.000000 15 1 1 32
i1 0.000000 12.000000 16 1 1 32
i1 0.000000 12.000000 16 1 1 32
i1 0.000000 12.000000 17 1 1 32
i1 0.000000 12.000000 19 1 1 32
i1 0.000000 12.000000 23 1 1 32
i1 0.000000 12.000000 24 1 1 32
i1 0.000000 12.000000 24 1 1 32
i1 0.000000 12.000000 25 1 1 32
i1 0.000000 12.000000 25 1 1 32
i1 0.000000 12.000000 26 1 1 32
i1 0.000000 12.000000 28 1 1 32
i1 0.000000 12.000000 28 1 1 32
i1 0.000000 12.000000 29 1 1 32
i1 0.000000 12.000000 29 1 1 32
i1 0.000000 12.000000 30 1 1 32
i1 0.000000 12.000000 30 1 1 32
i1 0.000000 12.000000 31 1 1 32
i1 0.000000 12.000000 31 1 1 32
i1 0.000000 12.000000 32 1 1 32
i1 0.000000 12.000000 32 1 1 32
i1 0.000000 12.000000 33 1 1 32
i1 0.000000 12.000000 33 1 1 32
i1 0.000000 12.000000 34 1 1 32
i1 0.000000 12.000000 34 1 1 32
i1 0.000000 12.000000 35 1 1 32
i1 0.000000 12.000000 5 1 1 34
i1 0.000000 12.000000 6 1 1 34
i1 0.000000 12.000000 6 1 1 34
i1 0.000000 12.000000 7 1 1 34
i1 0.000000 12.000000 7 1 1 34
i1 0.000000 12.000000 8 1 1 34
i1 0.000000 12.000000 8 1 1 34
i2 0.000000 12.000000 9 1 2 34
i2 0.000000 12.000000 9 1 2 34
i2 0.000000 12.000000 10 1 2 34
i1 0.000000 12.000000 10 1 1 34
i1 0.000000 12.000000 11 1 1 34
i1 0.000000 12.000000 11 1 1 34
i1 0.000000 12.000000 14 1 1 34
i1 0.000000 12.000000 15 1 1 34
i1 0.000000 12.000000 15 1 1 34
i1 0.000000 12.000000 16 1 1 34
i1 0.000000 12.000000 16 1 1 34
i1 0.000000 12.000000 17 1 1 34
i1 0.000000 12.000000 24 1 1 34
i1 0.000000 12.000000 24 1 1 34
i1 0.000000 12.000000 25 1 1 34
i1 0.000000 12.000000 25 1 1 34
i1 0.000000 12.000000 26 1 1 34
i1 0.000000 12.000000 28 1 1 34
i1 0.000000 12.000000 29 1 1 34
i1 0.000000 12.000000 29 1 1 34
i1 0.000000 12.000000 30 1 1 34
i1 0.000000 12.000000 30 1 1 34
i1 0.000000 12.000000 31 1 1 34
i1 0.000000 12.000000 31 1 1 34
i1 0.000000 12.000000 32 1 1 34
i1 0.000000 12.000000 32 1 1 34
i1 0.000000 12.000000 33 1 1 34
i1 0.000000 12.000000 33 1 1 34
i1 0.000000 12.000000 34 1 1 34
i1 0.000000 12.000000 34 1 1 34
i1 0.000000 12.000000 35 1 1 34
i1 0.000000 12.000000 3 1 1 36
i1 0.000000 12.000000 3 1 1 36
i1 0.000000 12.000000 4 1 1 36
i1 0.000000 12.000000 4 1 1 36
i1 0.000000 12.000000 5 1 1 36
i1 0.000000 12.000000 5 1 1 36
i1 0.000000 12.000000 6 1 1 36
i1 0.000000 12.000000 6 1 1 36
i1 0.000000 12.000000 7 1 1 36
i1 0.000000 12.000000 7 1 1 36
i1 0.000000 12.000000 8 1 1 36
i2 0.000000 12.000000 8 1 2 36
i2 0.000000 12.000000 9 1 2 36
i2 0.000000 12.000000 9 1 2 36
i2 0.000000 12.000000 10 1 2 36
i1 0.000000 12.000000 10 1 1 36
i1 0.000000 12.000000 11 1 1 36
i1 0.000000 12.000000 11 1 1 36
i1 0.000000 12.000000 12 1 1 36
i1 0.000000 12.000000 14 1 1 36
i1 0.000000 12.000000 15 1 1 36
i1 0.000000 12.000000 15 1 1 36
i1 0.000000 12.000000 16 1 1 36
i1 0.000000 12.000000 16 1 1 36
i1 0.000000 12.000000 17 1 1 36
i1 0.000000 12.000000 24 1 1 36
i1 0.000000 12.000000 24 1 1 36
i1 0.000000 12.000000 25 1 1 36
i1 0.000000 12.000000 25 1 1 36
i1 0.000000 12.000000 26 1 1 36
i1 0.000000 12.000000 29 1 1 36
i1 0.000000 12.000000 29 1 1 36
i1 0.000000 12.000000 30 1 1 36
i1 0.000000 12.000000 30 1 1 36
i1 0.000000 12.000000 31 1 1 36
i1 0.000000 12.000000 31 1 1 36
i1 0.000000 12.000000 32 1 1 36
i1 0.000000 12.000000 32 1 1 36
i1 0.000000 12.000000 33 1 1 36
i1 0.000000 12.000000 33 1 1 36
i1 0.000000 12.000000 34 1 1 36
i1 0.000000 12.000000 34 1 1 36
i1 0.000000 12.000000 35 1 1 36
i1 0.000000 12.000000 3 1 1 38
i1 0.000000 12.000000 3 1 1 38
i1 0.000000 12.000000 4 1 1 38
i1 0.000000 12.000000 4 1 1 38
i1 0.000000 12.000000 5 1 1 38
i1 0.000000 12.000000 5 1 1 38
i1 0.000000 12.000000 6 1 1 38
i1 0.000000 12.000000 6 1 1 38
i1 0.000000 12.000000 7 1 1 38
i1 0.000000 12.000000 7 1 1 38
i1 0.000000 12.000000 8 1 1 38
i2 0.000000 12.000000 8 1 2 38
i2 0.000000 12.000000 9 1 2 38
i2 0.000000 12.000000 9 1 2 38
i2 0.000000 12.000000 10 1 2 38
i2 0.000000 12.000000 10 1 2 38
i1 0.000000 12.000000 11 1 1 38
i1 0.000000 12.000000 11 1 1 38
i1 0.000000 12.000000 12 1 1 38
i1 0.000000 12.000000 12 1 1 38
i1 0.000000 12.000000 15 1 1 38
i1 0.000000 12.000000 15 1 1 38
i1 0.000000 12.000000 16 1 1 38
i1 0.000000 12.000000 16 1 1 38
i1 0.000000 12.000000 24 1 1 38
i1 0.000000 12.000000 25 1 1 38
i1 0.000000 12.000000 25 1 1 38
i1 0.000000 12.000000 26 1 1 38
i1 0.000000 12.000000 26 1 1 38
i1 0.000000 12.000000 29 1 1 38
i1 0.000000 12.000000 29 1 1 38
i1 0.000000 12.000000 30 1 1 38
i1 0.000000 12.000000 30 1 1 38
i1 0.000000 12.000000 31 1 1 38
i1 0.000000 12.000000 31 1 1 38
i1 0.000000 12.000000 32 1 1 38
i1 0.000000 12.000000 32 1 1 38
i1 0.000000 12.000000 33 1 1 38
i1 0.000000 12.000000 33 1 1 38
i1 0.000000 12.000000 34 1 1 38
i1 0.000000 12.000000 34 1 1 38
i1 0.000000 12.000000 35 1 1 38
i1 0.000000 12.000000 35 1 1 38
i1 0.000000 12.000000 2 1 1 40
i1 0.000000 12.000000 3 1 1 40
i1 0.000000 12.000000 3 1 1 40
i1 0.000000 12.000000 4 1 1 40
i1 0.000000 12.000000 4 1 1 40
i1 0.000000 12.000000 5 1 1 40
i1 0.000000 12.000000 5 1 1 40
i1 0.000000 12.000000 6 1 1 40
i1 0.000000 12.000000 6 1 1 40
i1 0.000000 12.000000 7 1 1 40
i1 0.000000 12.000000 7 1 1 40
i1 0.000000 12.000000 8 1 1 40
i1 0.000000 12.000000 8 1 1 40
i1 0.000000 12.000000 9 1 1 40
i2 0.000000 12.000000 9 1 2 40
i2 0.000000 12.000000 10 1 2 40
i2 0.000000 12.000000 10 1 2 40
i1 0.000000 12.000000 11 1 1 40
i1 0.000000 12.000000 11 1 1 40
i1 0.000000 12.000000 12 1 1 40
i1 0.000000 12.000000 12 1 1 40
i1 0.000000 12.000000 16 1 1 40
i1 0.000000 12.000000 25 1 1 40
i1 0.000000 12.000000 25 1 1 40
i1 0.000000 12.000000 26 1 1 40
i1 0.000000 12.000000 29 1 1 40
i1 0.000000 12.000000 29 1 1 40
i1 0.000000 12.000000 30 1 1 40
i1 0.000000 12.000000 30 1 1 40
i1 0.000000 12.000000 31 1 1 40
i1 0.000000 12.000000 31 1 1 40
i1 0.000000 12.000000 32 1 1 40
i1 0.000000 12.000000 32 1 1 40
i1 0.000000 12.000000 33 1 1 40
i1 0.000000 12.000000 33 1 1 40
i1 0.000000 12.000000 34 1 1 40
i1 0.000000 12.000000 34 1 1 40
i1 0.000000 12.000000 35 1 1 40
i1 0.000000 12.000000 35 1 1 40
i1 0.000000 12.000000 2 1 1 42
i1 0.000000 12.000000 3 1 1 42
i1 0.000000 12.000000 3 1 1 42
i1 0.000000 12.000000 4 1 1 42
i1 0.000000 12.000000 4 1 1 42
i1 0.000000 12.000000 5 1 1 42
i1 0.000000 12.000000 5 1 1 42
i1 0.000000 12.000000 6 1 1 42
i1 0.000000 12.000000 6 1 1 42
i1 0.000000 12.000000 7 1 1 42
i1 0.000000 12.000000 7 1 1 42
i1 0.000000 12.000000 8 1 1 42
i1 0.000000 12.000000 8 1 1 42
i1 0.000000 12.000000 9 1 1 42
i1 0.000000 12.000000 9 1 1 42
i1 0.000000 12.000000 10 1 1 42
i1 0.000000 12.000000 10 1 1 42
i1 0.000000 12.000000 11 1 1 42
i1 0.000000 12.000000 11 1 1 42
i1 0.000000 12.000000 12 1 1 42
i1 0.000000 12.000000 29 1 1 42
i1 0.000000 12.000000 29 1 1 42
i1 0.000000 12.000000 30 1 1 42
i1 0.000000 12.000000 30 1 1 42
i1 0.000000 12.000000 31 1 1 42
i1 0.000000 12.000000 31 1 1 42
i1 0.000000 12.000000 32 1 1 42
i1 0.000000 12.000000 32 1 1 42
i1 0.000000 12.000000 33 1 1 42
i1 0.000000 12.000000 33 1 1 42
i1 0.000000 12.000000 34 1 1 42
i1 0.000000 12.000000 34 1 1 42
i1 0.000000 12.000000 35 1 1 42
i1 0.000000 12.000000 35 1 1 42
i1 0.000000 12.000000 36 1 1 42
i1 0.000000 12.000000 2 1 1 43
i1 0.000000 12.000000 3 1 1 43
i1 0.000000 12.000000 3 1 1 43
i1 0.000000 12.000000 4 1 1 43
i1 0.000000 12.000000 4 1 1 43
i1 0.000000 12.000000 5 1 1 43
i1 0.000000 12.000000 5 1 1 43
i1 0.000000 12.000000 6 1 1 43
i1 0.000000 12.000000 6 1 1 43
i1 0.000000 12.000000 7 1 1 43
i1 0.000000 12.000000 7 1 1 43
i1 0.000000 12.000000 8 1 1 43
i1 0.000000 12.000000 8 1 1 43
i1 0.000000 12.000000 9 1 1 43
i1 0.000000 12.000000 9 1 1 43
i1 0.000000 12.000000 10 1 1 43
i1 0.000000 12.000000 10 1 1 43
i1 0.000000 12.000000 11 1 1 43
i1 0.000000 12.000000 11 1 1 43
i1 0.000000 12.000000 29 1 1 43
i1 0.000000 12.000000 30 1 1 43
i1 0.000000 12.000000 30 1 1 43
i1 0.000000 12.000000 31 1 1 43
i1 0.000000 12.000000 31 1 1 43
i1 0.000000 12.000000 32 1 1 43
i1 0.000000 12.000000 32 1 1 43
i1 0.000000 12.000000 33 1 1 43
i1 0.000000 12.000000 33 1 1 43
i1 0.000000 12.000000 34 1 1 43
i1 0.000000 12.000000 34 1 1 43
i1 0.000000 12.000000 35 1 1 43
i1 0.000000 12.000000 35 1 1 43
i1 0.000000 12.000000 36 1 1 43
i1 0.000000 12.000000 2 1 1 45
i1 0.000000 12.000000 3 1 1 45
i1 0.000000 12.000000 3 1 1 45
i1 0.000000 12.000000 4 1 1 45
i1 0.000000 12.000000 4 1 1 45
i1 0.000000 12.000000 5 1 1 45
i1 0.000000 12.000000 5 1 1 45
i1 0.000000 12.000000 6 1 1 45
i1 0.000000 12.000000 6 1 1 45
i1 0.000000 12.000000 7 1 1 45
i1 0.000000 12.000000 7 1 1 45
i1 0.000000 12.000000 24 1 1 45
i1 0.000000 12.000000 30 1 1 45
i1 0.000000 12.000000 30 1 1 45
i1 0.000000 12.000000 31 1 1 45
i1 0.000000 12.000000 31 1 1 45
i1 0.000000 12.000000 32 1 1 45
i1 0.000000 12.000000 32 1 1 45
i1 0.000000 12.000000 33 1 1 45
i1 0.000000 12.000000 33 1 1 45
i1 0.000000 12.000000 34 1 1 45
i1 0.000000 12.000000 34 1 1 45
i1 0.000000 12.000000 35 1 1 45
i1 0.000000 12.000000 35 1 1 45
i1 0.000000 12.000000 36 1 1 45
i1 0.000000 12.000000 36 1 1 45
i1 0.000000 12.000000 2 1 1 47
i1 0.000000 12.000000 3 1 1 47
i1 0.000000 12.000000 3 1 1 47
i1 0.000000 12.000000 4 1 1 47
i1 0.000000 12.000000 4 1 1 47
i1 0.000000 12.000000 5 1 1 47
i1 0.000000 12.000000 5 1 1 47
i1 0.000000 12.000000 6 1 1 47
i1 0.000000 12.000000 23 1 1 47
i1 0.000000 12.000000 24 1 1 47
i1 0.000000 12.000000 24 1 1 47
i1 0.000000 12.000000 25 1 1 47
i1 0.000000 12.000000 25 1 1 47
i1 0.000000 12.000000 31 1 1 47
i1 0.000000 12.000000 31 1 1 47
i1 0.000000 12.000000 32 1 1 47
i1 0.000000 12.000000 32 1 1 47
i1 0.000000 12.000000 33 1 1 47
i1 0.000000 12.000000 33 1 1 47
i2 0.000000 12.000000 34 1 2 47
i2 0.000000 12.000000 34 1 2 47
i1 0.000000 12.000000 35 1 1 47
i1 0.000000 12.000000 35 1 1 47
i1 0.000000 12.000000 36 1 1 47
i1 0.000000 12.000000 36 1 1 47
i1 0.000000 12.000000 2 1 1 49
i1 0.000000 12.000000 2 1 1 49
i1 0.000000 12.000000 3 1 1 49
i1 0.000000 12.000000 3 1 1 49
i1 0.000000 12.000000 4 1 1 49
i1 0.000000 12.000000 4 1 1 49
i1 0.000000 12.000000 5 1 1 49
i1 0.000000 12.000000 5 1 1 49
i1 0.000000 12.000000 6 1 1 49
i1 0.000000 12.000000 20 1 1 49
i1 0.000000 12.000000 21 1 1 49
i1 0.000000 12.000000 21 1 1 49
i1 0.000000 12.000000 22 1 1 49
i1 0.000000 12.000000 22 1 1 49
i1 0.000000 12.000000 23 1 1 49
i1 0.000000 12.000000 23 1 1 49
i1 0.000000 12.000000 24 1 1 49
i1 0.000000 12.000000 24 1 1 49
i1 0.000000 12.000000 25 1 1 49
i1 0.000000 12.000000 25 1 1 49
i1 0.000000 12.000000 26 1 1 49
i1 0.000000 12.000000 31 1 1 49
i1 0.000000 12.000000 32 1 1 49
i1 0.000000 12.000000 32 1 1 49
i1 0.000000 12.000000 33 1 1 49
i1 0.000000 12.000000 33 1 1 49
i2 0.000000 12.000000 34 1 2 49
i2 0.000000 12.000000 34 1 2 49
i2 0.000000 12.000000 35 1 2 49
i1 0.000000 12.000000 35 1 1 49
i1 0.000000 12.000000 36 1 1 49
i1 0.000000 12.000000 36 1 1 49
i1 0.000000 12.000000 2 1 1 51
i1 0.000000 12.000000 2 1 1 51
i1 0.000000 12.000000 3 1 1 51
i1 0.000000 12.000000 3 1 1 51
i1 0.000000 12.000000 4 1 1 51
i1 0.000000 12.000000 4 1 1 51
i1 0.000000 12.000000 5 1 1 51
i1 0.000000 12.000000 5 1 1 51
i1 0.000000 12.000000 10 1 1 51
i1 0.000000 12.000000 11 1 1 51
i1 0.000000 12.000000 19 1 1 51
i1 0.000000 12.000000 20 1 1 51
i1 0.000000 12.000000 20 1 1 51
i1 0.000000 12.000000 21 1 1 51
i1 0.000000 12.000000 21 1 1 51
i1 0.000000 12.000000 22 1 1 51
i1 0.000000 12.000000 22 1 1 51
i1 0.000000 12.000000 23 1 1 51
i1 0.000000 12.000000 23 1 1 51
i1 0.000000 12.000000 24 1 1 51
i1 0.000000 12.000000 24 1 1 51
i1 0.000000 12.000000 25 1 1 51
i1 0.000000 12.000000 25 1 1 51
i1 0.000000 12.000000 26 1 1 51
i1 0.000000 12.000000 26 1 1 51
i1 0.000000 12.000000 27 1 1 51
i1 0.000000 12.000000 27 1 1 51
i1 0.000000 12.000000 32 1 1 51
i1 0.000000 12.000000 32 1 1 51
i1 0.000000 12.000000 33 1 1 51
i1 0.000000 12.000000 33 1 1 51
i1 0.000000 12.000000 34 1 1 51
i2 0.000000 12.000000 34 1 2 51
i2 0.000000 12.000000 35 1 2 51
i1 0.000000 12.000000 35 1 1 51
i1 0.000000 12.000000 36 1 1 51
i1 0.000000 12.000000 36 1 1 51
i1 0.000000 12.000000 2 1 1 53
i1 0.000000 12.000000 2 1 1 53
i1 0.000000 12.000000 3 1 1 53
i1 0.000000 12.000000 3 1 1 53
i1 0.000000 12.000000 4 1 1 53
i1 0.000000 12.000000 4 1 1 53
i1 0.000000 12.000000 5 1 1 53
i1 0.000000 12.000000 5 1 1 53
i1 0.000000 12.000000 8 1 1 53
i1 0.000000 12.000000 9 1 1 53
i1 0.000000 12.000000 9 1 1 53
i1 0.000000 12.000000 10 1 1 53
i1 0.000000 12.000000 10 1 1 53
i1 0.000000 12.000000 11 1 1 53
i1 0.000000 12.000000 11 1 1 53
i1 0.000000 12.000000 12 1 1 53
i1 0.000000 12.000000 12 1 1 53
i1 0.000000 12.000000 13 1 1 53
i1 0.000000 12.000000 13 1 1 53
i1 0.000000 12.000000 14 1 1 53
i1 0.000000 12.000000 14 1 1 53
i1 0.000000 12.000000 15 1 1 53
i1 0.000000 12.000000 15 1 1 53
i1 0.000000 12.000000 17 1 1 53
i1 0.000000 12.000000 17 1 1 53
i1 0.000000 12.000000 18 1 1 53
i1 0.000000 12.000000 18 1 1 53
i1 0.000000 12.000000 19 1 1 53
i1 0.000000 12.000000 19 1 1 53
i1 0.000000 12.000000 20 1 1 53
i1 0.000000 12.000000 20 1 1 53
i1 0.000000 12.000000 21 1 1 53
i1 0.000000 12.000000 21 1 1 53
i1 0.000000 12.000000 22 1 1 53
i1 0.000000 12.000000 22 1 1 53
i1 0.000000 12.000000 23 1 1 53
i1 0.000000 12.000000 23 1 1 53
i1 0.000000 12.000000 24 1 1 53
i2 0.000000 12.000000 24 1 2 53
i1 0.000000 12.000000 25 1 1 53
i1 0.000000 12.000000 25 1 1 53
i1 0.000000 12.000000 26 1 1 53
i1 0.000000 12.000000 26 1 1 53
i1 0.000000 12.000000 27 1 1 53
i1 0.000000 12.000000 27 1 1 53
i1 0.000000 12.000000 28 1 1 53
i1 0.000000 12.000000 28 1 1 53
i1 0.000000 12.000000 29 1 1 53
i1 0.000000 12.000000 29 1 1 53
i1 0.000000 12.000000 30 1 1 53
i1 0.000000 12.000000 30 1 1 53
i1 0.000000 12.000000 31 1 1 53
i1 0.000000 12.000000 31 1 1 53
i1 0.000000 12.000000 32 1 1 53
i1 0.000000 12.000000 32 1 1 53
i1 0.000000 12.000000 33 1 1 53
i1 0.000000 12.000000 33 1 1 53
i2 0.000000 12.000000 34 1 2 53
i2 0.000000 12.000000 34 1 2 53
i2 0.000000 12.000000 35 1 2 53
i1 0.000000 12.000000 35 1 1 53
i1 0.000000 12.000000 36 1 1 53
i1 0.000000 12.000000 36 1 1 53
i1 0.000000 12.000000 2 1 1 54
i1 0.000000 12.000000 3 1 1 54
i1 0.000000 12.000000 3 1 1 54
i1 0.000000 12.000000 4 1 1 54
i1 0.000000 12.000000 4 1 1 54
i1 0.000000 12.000000 5 1 1 54
i1 0.000000 12.000000 5 1 1 54
i1 0.000000 12.000000 7 1 1 54
i1 0.000000 12.000000 7 1 1 54
i1 0.000000 12.000000 8 1 1 54
i1 0.000000 12.000000 8 1 1 54
i1 0.000000 12.000000 9 1 1 54
i1 0.000000 12.000000 9 1 1 54
i1 0.000000 12.000000 10 1 1 54
i1 0.000000 12.000000 10 1 1 54
i1 0.000000 12.000000 11 1 1 54
i1 0.000000 12.000000 11 1 1 54
i1 0.000000 12.000000 12 1 1 54
i1 0.000000 12.000000 12 1 1 54
i1 0.000000 12.000000 13 1 1 54
i1 0.000000 12.000000 13 1 1 54
i1 0.000000 12.000000 14 1 1 54
i1 0.000000 12.000000 14 1 1 54
i1 0.000000 12.000000 15 1 1 54
i1 0.000000 12.000000 15 1 1 54
i1 0.000000 12.000000 16 1 1 54
i1 0.000000 12.000000 16 1 1 54
i1 0.000000 12.000000 17 1 1 54
i1 0.000000 12.000000 17 1 1 54
i1 0.000000 12.000000 18 1 1 54
i1 0.000000 12.000000 18 1 1 54
i1 0.000000 12.000000 19 1 1 54
i1 0.000000 12.000000 19 1 1 54
i1 0.000000 12.000000 20 1 1 54
i1 0.000000 12.000000 20 1 1 54
i1 0.000000 12.000000 21 1 1 54
i1 0.000000 12.000000 21 1 1 54
i1 0.000000 12.000000 22 1 1 54
i1 0.000000 12.000000 22 1 1 54
i1 0.000000 12.000000 23 1 1 54
i1 0.000000 12.000000 23 1 1 54
i2 0.000000 12.000000 24 1 2 54
i2 0.000000 12.000000 24 1 2 54
i2 0.000000 12.000000 25 1 2 54
i1 0.000000 12.000000 25 1 1 54
i1 0.000000 12.000000 26 1 1 54
i1 0.000000 12.000000 26 1 1 54
i1 0.000000 12.000000 27 1 1 54
i1 0.000000 12.000000 27 1 1 54
i1 0.000000 12.000000 28 1 1 54
i1 0.000000 12.000000 28 1 1 54
i1 0.000000 12.000000 29 1 1 54
i1 0.000000 12.000000 29 1 1 54
i1 0.000000 12.000000 30 1 1 54
i1 0.000000 12.000000 30 1 1 54
i1 0.000000 12.000000 31 1 1 54
i1 0.000000 12.000000 31 1 1 54
i1 0.000000 12.000000 32 1 1 54
i1 0.000000 12.000000 32 1 1 54
i1 0.000000 12.000000 33 1 1 54
i1 0.000000 12.000000 33 1 1 54
i2 0.000000 12.000000 34 1 2 54
i2 0.000000 12.000000 34 1 2 54
i2 0.000000 12.000000 35 1 2 54
i1 0.000000 12.000000 35 1 1 54
i1 0.000000 12.000000 36 1 1 54
i1 0.000000 12.000000 3 1 1 56
i1 0.000000 12.000000 3 1 1 56
i1 0.000000 12.000000 4 1 1 56
i1 0.000000 12.000000 4 1 1 56
i1 0.000000 12.000000 5 1 1 56
i1 0.000000 12.000000 5 1 1 56
i1 0.000000 12.000000 6 1 1 56
i1 0.000000 12.000000 6 1 1 56
i1 0.000000 12.000000 7 1 1 56
i1 0.000000 12.000000 7 1 1 56
i1 0.000000 12.000000 8 1 1 56
i1 0.000000 12.000000 8 1 1 56
i1 0.000000 12.000000 9 1 1 56
i1 0.000000 12.000000 9 1 1 56
i1 0.000000 12.000000 10 1 1 56
i1 0.000000 12.000000 10 1 1 56
i2 0.000000 12.000000 11 1 2 56
i2 0.000000 12.000000 11 1 2 56
i1 0.000000 12.000000 12 1 1 56
i1 0.000000 12.000000 12 1 1 56
i1 0.000000 12.000000 13 1 1 56
i1 0.000000 12.000000 13 1 1 56
i1 0.000000 12.000000 14 1 1 56
i1 0.000000 12.000000 14 1 1 56
i1 0.000000 12.000000 15 1 1 56
i1 0.000000 12.000000 15 1 1 56
i1 0.000000 12.000000 16 1 1 56
i1 0.000000 12.000000 16 1 1 56
i1 0.000000 12.000000 17 1 1 56
i1 0.000000 12.000000 17 1 1 56
i1 0.000000 12.000000 18 1 1 56
i1 0.000000 12.000000 18 1 1 56
i1 0.000000 12.000000 19 1 1 56
i1 0.000000 12.000000 19 1 1 56
i1 0.000000 12.000000 20 1 1 56
i1 0.000000 12.000000 20 1 1 56
i1 0.000000 12.000000 21 1 1 56
i2 0.000000 12.000000 21 1 2 56
i1 0.000000 12.000000 22 1 1 56
i2 0.000000 12.000000 22 1 2 56
i2 0.000000 12.000000 23 1 2 56
i1 0.000000 12.000000 23 1 1 56
i2 0.000000 12.000000 24 1 2 56
i2 0.000000 12.000000 24 1 2 56
i2 0.000000 12.000000 25 1 2 56
i1 0.000000 12.000000 25 1 1 56
i1 0.000000 12.000000 26 1 1 56
i1 0.000000 12.000000 26 1 1 56
i1 0.000000 12.000000 27 1 1 56
i1 0.000000 12.000000 27 1 1 56
i1 0.000000 12.000000 28 1 1 56
i2 0.000000 12.000000 28 1 2 56
i2 0.000000 12.000000 29 1 2 56
i2 0.000000 12.000000 29 1 2 56
i2 0.000000 12.000000 30 1 2 56
i2 0.000000 12.000000 30 1 2 56
i2 0.000000 12.000000 31 1 2 56
i1 0.000000 12.000000 31 1 1 56
i1 0.000000 12.000000 32 1 1 56
i1 0.000000 12.000000 32 1 1 56
i1 0.000000 12.000000 33 1 1 56
i2 0.000000 12.000000 33 1 2 56
i2 0.000000 12.000000 34 1 2 56
i2 0.000000 12.000000 34 1 2 56
i2 0.000000 12.000000 35 1 2 56
i2 0.000000 12.000000 35 1 2 56
i1 0.000000 12.000000 36 1 1 56
i1 0.000000 12.000000 3 1 1 58
i1 0.000000 12.000000 4 1 1 58
i1 0.000000 12.000000 4 1 1 58
i1 0.000000 12.000000 5 1 1 58
i1 0.000000 12.000000 5 1 1 58
i1 0.000000 12.000000 6 1 1 58
i1 0.000000 12.000000 6 1 1 58
i1 0.000000 12.000000 7 1 1 58
i1 0.000000 12.000000 7 1 1 58
i1 0.000000 12.000000 8 1 1 58
i1 0.000000 12.000000 8 1 1 58
i1 0.000000 12.000000 9 1 1 58
i1 0.000000 12.000000 9 1 1 58
i1 0.000000 12.000000 10 1 1 58
i1 0.000000 12.000000 10 1 1 58
i2 0.000000 12.000000 11 1 2 58
i2 0.000000 12.000000 11 1 2 58
i1 0.000000 12.000000 12 1 1 58
i1 0.000000 12.000000 12 1 1 58
i1 0.000000 12.000000 13 1 1 58
i1 0.000000 12.000000 13 1 1 58
i1 0.000000 12.000000 14 1 1 58
i1 0.000000 12.000000 14 1 1 58
i1 0.000000 12.000000 15 1 1 58
i1 0.000000 12.000000 15 1 1 58
i1 0.000000 12.000000 16 1 1 58
i1 0.000000 12.000000 16 1 1 58
i1 0.000000 12.000000 17 1 1 58
i1 0.000000 12.000000 17 1 1 58
i1 0.000000 12.000000 18 1 1 58
i1 0.000000 12.000000 18 1 1 58
i1 0.000000 12.000000 19 1 1 58
i1 0.000000 12.000000 19 1 1 58
i1 0.000000 12.000000 20 1 1 58
i1 0.000000 12.000000 20 1 1 58
i1 0.000000 12.000000 21 1 1 58
i1 0.000000 12.000000 21 1 1 58
i1 0.000000 12.000000 22 1 1 58
i2 0.000000 12.000000 22 1 2 58
i2 0.000000 12.000000 23 1 2 58
i1 0.000000 12.000000 23 1 1 58
i2 0.000000 12.000000 24 1 2 58
i2 0.000000 12.000000 24 1 2 58
i2 0.000000 12.000000 25 1 2 58
i2 0.000000 12.000000 25 1 2 58
i2 0.000000 12.000000 26 1 2 58
i1 0.000000 12.000000 26 1 1 58
i1 0.000000 12.000000 27 1 1 58
i1 0.000000 12.000000 27 1 1 58
i1 0.000000 12.000000 28 1 1 58
i1 0.000000 12.000000 28 1 1 58
i1 0.000000 12.000000 29 1 1 58
i2 0.000000 12.000000 29 1 2 58
i2 0.000000 12.000000 30 1 2 58
i2 0.000000 12.000000 30 1 2 58
i2 0.000000 12.000000 31 1 2 58
i2 0.000000 12.000000 31 1 2 58
i2 0.000000 12.000000 32 1 2 58
i1 0.000000 12.000000 32 1 1 58
i2 0.000000 12.000000 33 1 2 58
i2 0.000000 12.000000 33 1 2 58
i2 0.000000 12.000000 34 1 2 58
i2 0.000000 12.000000 34 1 2 58
i2 0.000000 12.000000 35 1 2 58
i2 0.000000 12.000000 35 1 2 58
i1 0.000000 12.000000 36 1 1 58
i1 0.000000 12.000000 4 1 1 60
i1 0.000000 12.000000 4 1 1 60
i1 0.000000 12.000000 5 1 1 60
i1 0.000000 12.000000 5 1 1 60
i1 0.000000 12.000000 6 1 1 60
i1 0.000000 12.000000 6 1 1 60
i1 0.000000 12.000000 7 1 1 60
i1 0.000000 12.000000 7 1 1 60
i1 0.000000 12.000000 8 1 1 60
i1 0.000000 12.000000 8 1 1 60
i1 0.000000 12.000000 9 1 1 60
i1 0.000000 12.000000 9 1 1 60
i1 0.000000 12.000000 10 1 1 60
i1 0.000000 12.000000 10 1 1 60
i1 0.000000 12.000000 11 1 1 60
i1 0.000000 12.000000 11 1 1 60
i1 0.000000 12.000000 12 1 1 60
i1 0.000000 12.000000 12 1 1 60
i1 0.000000 12.000000 13 1 1 60
i1 0.000000 12.000000 13 1 1 60
i1 0.000000 12.000000 14 1 1 60
i1 0.000000 12.000000 14 1 1 60
i1 0.000000 12.000000 15 1 1 60
i1 0.000000 12.000000 15 1 1 60
i1 0.000000 12.000000 16 1 1 60
i1 0.000000 12.000000 16 1 1 60
i1 0.000000 12.000000 17 1 1 60
i1 0.000000 12.000000 17 1 1 60
i1 0.000000 12.000000 18 1 1 60
i1 0.000000 12.000000 18 1 1 60
i1 0.000000 12.000000 19 1 1 60
i1 0.000000 12.000000 19 1 1 60
i1 0.000000 12.000000 20 1 1 60
i1 0.000000 12.000000 20 1 1 60
i1 0.000000 12.000000 21 1 1 60
i1 0.000000 12.000000 21 1 1 60
i1 0.000000 12.000000 22 1 1 60
i1 0.000000 12.000000 22 1 1 60
i1 0.000000 12.000000 23 1 1 60
i1 0.000000 12.000000 23 1 1 60
i1 0.000000 12.000000 24 1 1 60
i1 0.000000 12.000000 24 1 1 60
i1 0.000000 12.000000 25 1 1 60
i1 0.000000 12.000000 25 1 1 60
i1 0.000000 12.000000 26 1 1 60
i1 0.000000 12.000000 26 1 1 60
i1 0.000000 12.000000 27 1 1 60
i1 0.000000 12.000000 27 1 1 60
i1 0.000000 12.000000 28 1 1 60
i1 0.000000 12.000000 28 1 1 60
i1 0.000000 12.000000 29 1 1 60
i1 0.000000 12.000000 29 1 1 60
i1 0.000000 12.000000 30 1 1 60
i2 0.000000 12.000000 30 1 2 60
i2 0.000000 12.000000 31 1 2 60
i2 0.000000 12.000000 31 1 2 60
i2 0.000000 12.000000 32 1 2 60
i2 0.000000 12.000000 32 1 2 60
i2 0.000000 12.000000 33 1 2 60
i2 0.000000 12.000000 33 1 2 60
i2 0.000000 12.000000 34 1 2 60
i2 0.000000 12.000000 34 1 2 60
i2 0.000000 12.000000 35 1 2 60
i1 0.000000 12.000000 35 1 1 60
i1 0.000000 12.000000 36 1 1 60
i1 0.000000 12.000000 4 1 1 62
i1 0.000000 12.000000 5 1 1 62
i1 0.000000 12.000000 5 1 1 62
i1 0.000000 12.000000 6 1 1 62
i1 0.000000 12.000000 6 1 1 62
i1 0.000000 12.000000 7 1 1 62
i1 0.000000 12.000000 7 1 1 62
i1 0.000000 12.000000 8 1 1 62
i1 0.000000 12.000000 8 1 1 62
i1 0.000000 12.000000 9 1 1 62
i1 0.000000 12.000000 9 1 1 62
i1 0.000000 12.000000 10 1 1 62
i1 0.000000 12.000000 10 1 1 62
i1 0.000000 12.000000 11 1 1 62
i1 0.000000 12.000000 11 1 1 62
i1 0.000000 12.000000 12 1 1 62
i1 0.000000 12.000000 12 1 1 62
i1 0.000000 12.000000 13 1 1 62
i1 0.000000 12.000000 13 1 1 62
i1 0.000000 12.000000 14 1 1 62
i1 0.000000 12.000000 14 1 1 62
i1 0.000000 12.000000 15 1 1 62
i1 0.000000 12.000000 15 1 1 62
i1 0.000000 12.000000 16 1 1 62
i1 0.000000 12.000000 16 1 1 62
i1 0.000000 12.000000 17 1 1 62
i1 0.000000 12.000000 17 1 1 62
i1 0.000000 12.000000 18 1 1 62
i1 0.000000 12.000000 18 1 1 62
i1 0.000000 12.000000 19 1 1 62
i1 0.000000 12.000000 19 1 1 62
i1 0.000000 12.000000 20 1 1 62
i1 0.000000 12.000000 20 1 1 62
i1 0.000000 12.000000 21 1 1 62
i1 0.000000 12.000000 21 1 1 62
i1 0.000000 12.000000 22 1 1 62
i1 0.000000 12.000000 22 1 1 62
i1 0.000000 12.000000 23 1 1 62
i1 0.000000 12.000000 23 1 1 62
i1 0.000000 12.000000 24 1 1 62
i1 0.000000 12.000000 24 1 1 62
i1 0.000000 12.000000 25 1 1 62
i1 0.000000 12.000000 25 1 1 62
i1 0.000000 12.000000 26 1 1 62
i1 0.000000 12.000000 26 1 1 62
i1 0.000000 12.000000 27 1 1 62
i1 0.000000 12.000000 27 1 1 62
i1 0.000000 12.000000 28 1 1 62
i1 0.000000 12.000000 28 1 1 62
i1 0.000000 12.000000 29 1 1 62
i1 0.000000 12.000000 29 1 1 62
i1 0.000000 12.000000 30 1 1 62
i2 0.000000 12.000000 30 1 2 62
i2 0.000000 12.000000 31 1 2 62
i2 0.000000 12.000000 31 1 2 62
i2 0.000000 12.000000 32 1 2 62
i2 0.000000 12.000000 32 1 2 62
i2 0.000000 12.000000 33 1 2 62
i3 0.000000 12.000000 33 1 3 62
i2 0.000000 12.000000 34 1 2 62
i2 0.000000 12.000000 34 1 2 62
i2 0.000000 12.000000 35 1 2 62
i1 0.000000 12.000000 35 1 1 62
i1 0.000000 12.000000 5 1 1 63
i1 0.000000 12.000000 6 1 1 63
i1 0.000000 12.000000 6 1 1 63
i1 0.000000 12.000000 7 1 1 63
i1 0.000000 12.000000 7 1 1 63
i1 0.000000 12.000000 11 1 1 63
i1 0.000000 12.000000 12 1 1 63
i1 0.000000 12.000000 12 1 1 63
i1 0.000000 12.000000 13 1 1 63
i1 0.000000 12.000000 13 1 1 63
i1 0.000000 12.000000 14 1 1 63
i1 0.000000 12.000000 14 1 1 63
i1 0.000000 12.000000 15 1 1 63
i1 0.000000 12.000000 15 1 1 63
i1 0.000000 12.000000 16 1 1 63
i1 0.000000 12.000000 16 1 1 63
i1 0.000000 12.000000 17 1 1 63
i1 0.000000 12.000000 17 1 1 63
i1 0.000000 12.000000 18 1 1 63
i1 0.000000 12.000000 18 1 1 63
i1 0.000000 12.000000 19 1 1 63
i1 0.000000 12.000000 19 1 1 63
i1 0.000000 12.000000 20 1 1 63
i1 0.000000 12.000000 20 1 1 63
i1 0.000000 12.000000 21 1 1 63
i1 0.000000 12.000000 21 1 1 63
i1 0.000000 12.000000 22 1 1 63
i1 0.000000 12.000000 22 1 1 63
i2 0.000000 12.000000 23 1 2 63
i2 0.000000 12.000000 23 1 2 63
i1 0.000000 12.000000 24 1 1 63
i1 0.000000 12.000000 24 1 1 63
i1 0.000000 12.000000 25 1 1 63
i1 0.000000 12.000000 25 1 1 63
i1 0.000000 12.000000 26 1 1 63
i1 0.000000 12.000000 26 1 1 63
i1 0.000000 12.000000 27 1 1 63
i1 0.000000 12.000000 27 1 1 63
i1 0.000000 12.000000 28 1 1 63
i1 0.000000 12.000000 28 1 1 63
i1 0.000000 12.000000 29 1 1 63
i1 0.000000 12.000000 29 1 1 63
i1 0.000000 12.000000 30 1 1 63
i2 0.000000 12.000000 30 1 2 63
i2 0.000000 12.000000 31 1 2 63
i2 0.000000 12.000000 31 1 2 63
i2 0.000000 12.000000 32 1 2 63
i2 0.000000 12.000000 32 1 2 63
i2 0.000000 12.000000 33 1 2 63
i3 0.000000 12.000000 33 1 3 63
i3 0.000000 12.000000 34 1 3 63
i2 0.000000 12.000000 34 1 2 63
i2 0.000000 12.000000 35 1 2 63
i1 0.000000 12.000000 35 1 1 63
i1 0.000000 12.000000 5 1 1 65
i1 0.000000 12.000000 5 1 1 65
i1 0.000000 12.000000 6 1 1 65
i1 0.000000 12.000000 6 1 1 65
i1 0.000000 12.000000 7 1 1 65
i1 0.000000 12.000000 7 1 1 65
i1 0.000000 12.000000 8 1 1 65
i1 0.000000 12.000000 8 1 1 65
i1 0.000000 12.000000 9 1 1 65
i1 0.000000 12.000000 9 1 1 65
i1 0.000000 12.000000 11 1 1 65
i1 0.000000 12.000000 12 1 1 65
i1 0.000000 12.000000 12 1 1 65
i1 0.000000 12.000000 13 1 1 65
i1 0.000000 12.000000 13 1 1 65
i1 0.000000 12.000000 14 1 1 65
i1 0.000000 12.000000 14 1 1 65
i1 0.000000 12.000000 15 1 1 65
i1 0.000000 12.000000 15 1 1 65
i1 0.000000 12.000000 16 1 1 65
i1 0.000000 12.000000 16 1 1 65
i1 0.000000 12.000000 17 1 1 65
i1 0.000000 12.000000 17 1 1 65
i1 0.000000 12.000000 18 1 1 65
i1 0.000000 12.000000 18 1 1 65
i1 0.000000 12.000000 19 1 1 65
i1 0.000000 12.000000 19 1 1 65
i1 0.000000 12.000000 20 1 1 65
i1 0.000000 12.000000 20 1 1 65
i1 0.000000 12.000000 21 1 1 65
i1 0.000000 12.000000 21 1 1 65
i1 0.000000 12.000000 22 1 1 65
i2 0.000000 12.000000 22 1 2 65
i2 0.000000 12.000000 23 1 2 65
i2 0.000000 12.000000 23 1 2 65
i2 0.000000 12.000000 24 1 2 65
i1 0.000000 12.000000 24 1 1 65
i1 0.000000 12.000000 25 1 1 65
i1 0.000000 12.000000 25 1 1 65
i1 0.000000 12.000000 26 1 1 65
i1 0.000000 12.000000 26 1 1 65
i1 0.000000 12.000000 27 1 1 65
i1 0.000000 12.000000 27 1 1 65
i1 0.000000 12.000000 28 1 1 65
i1 0.000000 12.000000 28 1 1 65
i2 0.000000 12.000000 29 1 2 65
i2 0.000000 12.000000 29 1 2 65
i2 0.000000 12.000000 30 1 2 65
i2 0.000000 12.000000 30 1 2 65
i2 0.000000 12.000000 31 1 2 65
i2 0.000000 12.000000 31 1 2 65
i2 0.000000 12.000000 32 1 2 65
i2 0.000000 12.000000 32 1 2 65
i2 0.000000 12.000000 33 1 2 65
i2 0.000000 12.000000 33 1 2 65
i3 0.000000 12.000000 34 1 3 65
i3 0.000000 12.000000 34 1 3 65
i2 0.000000 12.000000 35 1 2 65
i1 0.000000 12.000000 35 1 1 65
i1 0.000000 12.000000 36 1 1 65
i1 0.000000 12.000000 3 1 1 67
i1 0.000000 12.000000 3 1 1 67
i1 0.000000 12.000000 4 1 1 67
i1 0.000000 12.000000 4 1 1 67
i1 0.000000 12.000000 5 1 1 67
i1 0.000000 12.000000 5 1 1 67
i1 0.000000 12.000000 6 1 1 67
i1 0.000000 12.000000 6 1 1 67
i1 0.000000 12.000000 7 1 1 67
i1 0.000000 12.000000 7 1 1 67
i1 0.000000 12.000000 8 1 1 67
i1 0.000000 12.000000 8 1 1 67
i1 0.000000 12.000000 9 1 1 67
i1 0.000000 12.000000 9 1 1 67
i1 0.000000 12.000000 10 1 1 67
i1 0.000000 12.000000 11 1 1 67
i1 0.000000 12.000000 12 1 1 67
i1 0.000000 12.000000 12 1 1 67
i1 0.000000 12.000000 13 1 1 67
i1 0.000000 12.000000 13 1 1 67
i1 0.000000 12.000000 14 1 1 67
i1 0.000000 12.000000 14 1 1 67
i1 0.000000 12.000000 15 1 1 67
i1 0.000000 12.000000 15 1 1 67
i1 0.000000 12.000000 16 1 1 67
i1 0.000000 12.000000 16 1 1 67
i1 0.000000 12.000000 17 1 1 67
i1 0.000000 12.000000 17 1 1 67
i1 0.000000 12.000000 18 1 1 67
i1 0.000000 12.000000 18 1 1 67
i1 0.000000 12.000000 19 1 1 67
i1 0.000000 12.000000 19 1 1 67
i2 0.000000 12.000000 20 1 2 67
i2 0.000000 12.000000 20 1 2 67
i2 0.000000 12.000000 21 1 2 67
i1 0.000000 12.000000 21 1 1 67
i2 0.000000 12.000000 22 1 2 67
i2 0.000000 12.000000 22 1 2 67
i2 0.000000 12.000000 23 1 2 67
i2 0.000000 12.000000 23 1 2 67
i2 0.000000 12.000000 24 1 2 67
i1 0.000000 12.000000 24 1 1 67
i1 0.000000 12.000000 25 1 1 67
i1 0.000000 12.000000 25 1 1 67
i1 0.000000 12.000000 26 1 1 67
i1 0.000000 12.000000 26 1 1 67
i1 0.000000 12.000000 27 1 1 67
i2 0.000000 12.000000 27 1 2 67
i2 0.000000 12.000000 28 1 2 67
i2 0.000000 12.000000 28 1 2 67
i2 0.000000 12.000000 29 1 2 67
i2 0.000000 12.000000 29 1 2 67
i2 0.000000 12.000000 30 1 2 67
i2 0.000000 12.000000 30 1 2 67
i2 0.000000 12.000000 31 1 2 67
i2 0.000000 12.000000 31 1 2 67
i2 0.000000 12.000000 32 1 2 67
i2 0.000000 12.000000 32 1 2 67
i2 0.000000 12.000000 33 1 2 67
i2 0.000000 12.000000 33 1 2 67
i2 0.000000 12.000000 34 1 2 67
i3 0.000000 12.000000 34 1 3 67
i3 0.000000 12.000000 35 1 3 67
i2 0.000000 12.000000 35 1 2 67
i1 0.000000 12.000000 36 1 1 67
i1 0.000000 12.000000 1 1 1 69
i1 0.000000 12.000000 1 1 1 69
i1 0.000000 12.000000 2 1 1 69
i1 0.000000 12.000000 2 1 1 69
i1 0.000000 12.000000 3 1 1 69
i1 0.000000 12.000000 3 1 1 69
i1 0.000000 12.000000 4 1 1 69
i1 0.000000 12.000000 4 1 1 69
i1 0.000000 12.000000 5 1 1 69
i1 0.000000 12.000000 5 1 1 69
i1 0.000000 12.000000 6 1 1 69
i1 0.000000 12.000000 6 1 1 69
i1 0.000000 12.000000 7 1 1 69
i1 0.000000 12.000000 7 1 1 69
i1 0.000000 12.000000 8 1 1 69
i1 0.000000 12.000000 8 1 1 69
i1 0.000000 12.000000 9 1 1 69
i1 0.000000 12.000000 9 1 1 69
i1 0.000000 12.000000 10 1 1 69
i1 0.000000 12.000000 10 1 1 69
i1 0.000000 12.000000 11 1 1 69
i1 0.000000 12.000000 11 1 1 69
i1 0.000000 12.000000 12 1 1 69
i1 0.000000 12.000000 12 1 1 69
i1 0.000000 12.000000 13 1 1 69
i1 0.000000 12.000000 13 1 1 69
i1 0.000000 12.000000 14 1 1 69
i1 0.000000 12.000000 14 1 1 69
i1 0.000000 12.000000 15 1 1 69
i1 0.000000 12.000000 15 1 1 69
i1 0.000000 12.000000 16 1 1 69
i1 0.000000 12.000000 16 1 1 69
i1 0.000000 12.000000 17 1 1 69
i1 0.000000 12.000000 17 1 1 69
i1 0.000000 12.000000 18 1 1 69
i1 0.000000 12.000000 18 1 1 69
i1 0.000000 12.000000 19 1 1 69
i2 0.000000 12.000000 19 1 2 69
i2 0.000000 12.000000 20 1 2 69
i2 0.000000 12.000000 20 1 2 69
i2 0.000000 12.000000 21 1 2 69
i2 0.000000 12.000000 21 1 2 69
i1 0.000000 12.000000 22 1 1 69
i2 0.000000 12.000000 22 1 2 69
i2 0.000000 12.000000 23 1 2 69
i1 0.000000 12.000000 23 1 1 69
i1 0.000000 12.000000 24 1 1 69
i1 0.000000 12.000000 24 1 1 69
i1 0.000000 12.000000 25 1 1 69
i1 0.000000 12.000000 25 1 1 69
i1 0.000000 12.000000 26 1 1 69
i1 0.000000 12.000000 26 1 1 69
i1 0.000000 12.000000 27 1 1 69
i1 0.000000 12.000000 27 1 1 69
i1 0.000000 12.000000 28 1 1 69
i2 0.000000 12.000000 28 1 2 69
i2 0.000000 12.000000 29 1 2 69
i2 0.000000 12.000000 29 1 2 69
i2 0.000000 12.000000 30 1 2 69
i1 0.000000 12.000000 30 1 1 69
i1 0.000000 12.000000 31 1 1 69
i1 0.000000 12.000000 31 1 1 69
i1 0.000000 12.000000 32 1 1 69
i1 0.000000 12.000000 32 1 1 69
i1 0.000000 12.000000 33 1 1 69
i1 0.000000 12.000000 33 1 1 69
i2 0.000000 12.000000 34 1 2 69
i2 0.000000 12.000000 34 1 2 69
i3 0.000000 12.000000 35 1 3 69
i2 0.000000 12.000000 35 1 2 69
i1 0.000000 12.000000 36 1 1 69
i1 0.000000 12.000000 1 1 1 71
i1 0.000000 12.000000 1 1 1 71
i1 0.000000 12.000000 2 1 1 71
i1 0.000000 12.000000 2 1 1 71
i1 0.000000 12.000000 3 1 1 71
i1 0.000000 12.000000 3 1 1 71
i1 0.000000 12.000000 4 1 1 71
i1 0.000000 12.000000 4 1 1 71
i1 0.000000 12.000000 5 1 1 71
i1 0.000000 12.000000 5 1 1 71
i1 0.000000 12.000000 6 1 1 71
i1 0.000000 12.000000 6 1 1 71
i1 0.000000 12.000000 7 1 1 71
i1 0.000000 12.000000 7 1 1 71
i1 0.000000 12.000000 8 1 1 71
i1 0.000000 12.000000 8 1 1 71
i1 0.000000 12.000000 9 1 1 71
i1 0.000000 12.000000 9 1 1 71
i1 0.000000 12.000000 10 1 1 71
i1 0.000000 12.000000 10 1 1 71
i1 0.000000 12.000000 11 1 1 71
i1 0.000000 12.000000 11 1 1 71
i1 0.000000 12.000000 12 1 1 71
i1 0.000000 12.000000 12 1 1 71
i1 0.000000 12.000000 13 1 1 71
i1 0.000000 12.000000 13 1 1 71
i1 0.000000 12.000000 14 1 1 71
i1 0.000000 12.000000 14 1 1 71
i1 0.000000 12.000000 15 1 1 71
i1 0.000000 12.000000 15 1 1 71
i1 0.000000 12.000000 16 1 1 71
i1 0.000000 12.000000 16 1 1 71
i1 0.000000 12.000000 17 1 1 71
i1 0.000000 12.000000 17 1 1 71
i1 0.000000 12.000000 18 1 1 71
i1 0.000000 12.000000 18 1 1 71
i1 0.000000 12.000000 19 1 1 71
i1 0.000000 12.000000 19 1 1 71
i2 0.000000 12.000000 20 1 2 71
i2 0.000000 12.000000 20 1 2 71
i2 0.000000 12.000000 21 1 2 71
i1 0.000000 12.000000 21 1 1 71
i1 0.000000 12.000000 22 1 1 71
i1 0.000000 12.000000 22 1 1 71
i1 0.000000 12.000000 23 1 1 71
i1 0.000000 12.000000 23 1 1 71
i1 0.000000 12.000000 24 1 1 71
i1 0.000000 12.000000 24 1 1 71
i1 0.000000 12.000000 25 1 1 71
i1 0.000000 12.000000 25 1 1 71
i1 0.000000 12.000000 26 1 1 71
i1 0.000000 12.000000 26 1 1 71
i1 0.000000 12.000000 27 1 1 71
i1 0.000000 12.000000 27 1 1 71
i1 0.000000 12.000000 28 1 1 71
i1 0.000000 12.000000 28 1 1 71
i1 0.000000 12.000000 29 1 1 71
i2 0.000000 12.000000 29 1 2 71
i1 0.000000 12.000000 30 1 1 71
i1 0.000000 12.000000 30 1 1 71
i1 0.000000 12.000000 31 1 1 71
i1 0.000000 12.000000 31 1 1 71
i1 0.000000 12.000000 32 1 1 71
i1 0.000000 12.000000 32 1 1 71
i1 0.000000 12.000000 33 1 1 71
i1 0.000000 12.000000 33 1 1 71
i2 0.000000 12.000000 34 1 2 71
i2 0.000000 12.000000 34 1 2 71
i3 0.000000 12.000000 35 1 3 71
i2 0.000000 12.000000 35 1 2 71
i1 0.000000 12.000000 36 1 1 71
i1 0.000000 12.000000 36 1 1 71
i1 0.000000 12.000000 1 1 1 73
i1 0.000000 12.000000 1 1 1 73
i1 0.000000 12.000000 2 1 1 73
i1 0.000000 12.000000 2 1 1 73
i1 0.000000 12.000000 3 1 1 73
i1 0.000000 12.000000 3 1 1 73
i1 0.000000 12.000000 4 1 1 73
i1 0.000000 12.000000 4 1 1 73
i1 0.000000 12.000000 5 1 1 73
i1 0.000000 12.000000 5 1 1 73
i1 0.000000 12.000000 6 1 1 73
i1 0.000000 12.000000 6 1 1 73
i1 0.000000 12.000000 7 1 1 73
i1 0.000000 12.000000 7 1 1 73
i1 0.000000 12.000000 9 1 1 73
i1 0.000000 12.000000 9 1 1 73
i1 0.000000 12.000000 10 1 1 73
i1 0.000000 12.000000 10 1 1 73
i1 0.000000 12.000000 11 1 1 73
i1 0.000000 12.000000 11 1 1 73
i1 0.000000 12.000000 12 1 1 73
i1 0.000000 12.000000 12 1 1 73
i1 0.000000 12.000000 14 1 1 73
i1 0.000000 12.000000 15 1 1 73
i1 0.000000 12.000000 15 1 1 73
i1 0.000000 12.000000 16 1 1 73
i1 0.000000 12.000000 16 1 1 73
i1 0.000000 12.000000 17 1 1 73
i1 0.000000 12.000000 17 1 1 73
i1 0.000000 12.000000 18 1 1 73
i1 0.000000 12.000000 18 1 1 73
i1 0.000000 12.000000 19 1 1 73
i1 0.000000 12.000000 19 1 1 73
i1 0.000000 12.000000 20 1 1 73
i1 0.000000 12.000000 20 1 1 73
i1 0.000000 12.000000 21 1 1 73
i1 0.000000 12.000000 21 1 1 73
i1 0.000000 12.000000 22 1 1 73
i1 0.000000 12.000000 22 1 1 73
i1 0.000000 12.000000 23 1 1 73
i1 0.000000 12.000000 23 1 1 73
i1 0.000000 12.000000 24 1 1 73
i1 0.000000 12.000000 24 1 1 73
i1 0.000000 12.000000 25 1 1 73
i1 0.000000 12.000000 25 1 1 73
i1 0.000000 12.000000 26 1 1 73
i1 0.000000 12.000000 26 1 1 73
i1 0.000000 12.000000 27 1 1 73
i1 0.000000 12.000000 27 1 1 73
i1 0.000000 12.000000 28 1 1 73
i1 0.000000 12.000000 28 1 1 73
i1 0.000000 12.000000 29 1 1 73
i1 0.000000 12.000000 29 1 1 73
i1 0.000000 12.000000 30 1 1 73
i1 0.000000 12.000000 30 1 1 73
i1 0.000000 12.000000 32 1 1 73
i1 0.000000 12.000000 33 1 1 73
i1 0.000000 12.000000 33 1 1 73
i2 0.000000 12.000000 34 1 2 73
i2 0.000000 12.000000 34 1 2 73
i3 0.000000 12.000000 35 1 3 73
i2 0.000000 12.000000 35 1 2 73
i1 0.000000 12.000000 36 1 1 73
i1 0.000000 12.000000 36 1 1 73
i1 0.000000 12.000000 1 1 1 74
i1 0.000000 12.000000 1 1 1 74
i1 0.000000 12.000000 2 1 1 74
i1 0.000000 12.000000 2 1 1 74
i1 0.000000 12.000000 3 1 1 74
i1 0.000000 12.000000 3 1 1 74
i1 0.000000 12.000000 4 1 1 74
i1 0.000000 12.000000 4 1 1 74
i1 0.000000 12.000000 5 1 1 74
i1 0.000000 12.000000 5 1 1 74
i1 0.000000 12.000000 6 1 1 74
i1 0.000000 12.000000 6 1 1 74
i1 0.000000 12.000000 7 1 1 74
i1 0.000000 12.000000 9 1 1 74
i1 0.000000 12.000000 10 1 1 74
i1 0.000000 12.000000 10 1 1 74
i1 0.000000 12.000000 11 1 1 74
i1 0.000000 12.000000 11 1 1 74
i1 0.000000 12.000000 12 1 1 74
i1 0.000000 12.000000 16 1 1 74
i1 0.000000 12.000000 17 1 1 74
i1 0.000000 12.000000 17 1 1 74
i1 0.000000 12.000000 18 1 1 74
i1 0.000000 12.000000 18 1 1 74
i1 0.000000 12.000000 19 1 1 74
i1 0.000000 12.000000 19 1 1 74
i1 0.000000 12.000000 20 1 1 74
i1 0.000000 12.000000 20 1 1 74
i1 0.000000 12.000000 21 1 1 74
i1 0.000000 12.000000 21 1 1 74
i1 0.000000 12.000000 22 1 1 74
i1 0.000000 12.000000 22 1 1 74
i1 0.000000 12.000000 23 1 1 74
i1 0.000000 12.000000 23 1 1 74
i1 0.000000 12.000000 24 1 1 74
i1 0.000000 12.000000 24 1 1 74
i1 0.000000 12.000000 25 1 1 74
i1 0.000000 12.000000 25 1 1 74
i1 0.000000 12.000000 28 1 1 74
i1 0.000000 12.000000 28 1 1 74
i1 0.000000 12.000000 29 1 1 74
i1 0.000000 12.000000 29 1 1 74
i1 0.000000 12.000000 30 1 1 74
i1 0.000000 12.000000 33 1 1 74
i1 0.000000 12.000000 33 1 1 74
i2 0.000000 12.000000 34 1 2 74
i2 0.000000 12.000000 34 1 2 74
i2 0.000000 12.000000 35 1 2 74
i2 0.000000 12.000000 35 1 2 74
i1 0.000000 12.000000 36 1 1 74
i1 0.000000 12.000000 36 1 1 74
i1 0.000000 12.000000 1 1 1 76
i1 0.000000 12.000000 2 1 1 76
i1 0.000000 12.000000 2 1 1 76
i1 0.000000 12.000000 3 1 1 76
i1 0.000000 12.000000 3 1 1 76
i1 0.000000 12.000000 4 1 1 76
i1 0.000000 12.000000 4 1 1 76
i1 0.000000 12.000000 6 1 1 76
i1 0.000000 12.000000 6 1 1 76
i1 0.000000 12.000000 7 1 1 76
i1 0.000000 12.000000 10 1 1 76
i1 0.000000 12.000000 10 1 1 76
i1 0.000000 12.000000 11 1 1 76
i1 0.000000 12.000000 11 1 1 76
i1 0.000000 12.000000 12 1 1 76
i1 0.000000 12.000000 20 1 1 76
i1 0.000000 12.000000 21 1 1 76
i1 0.000000 12.000000 21 1 1 76
i1 0.000000 12.000000 22 1 1 76
i1 0.000000 12.000000 22 1 1 76
i1 0.000000 12.000000 23 1 1 76
i1 0.000000 12.000000 23 1 1 76
i1 0.000000 12.000000 24 1 1 76
i1 0.000000 12.000000 24 1 1 76
i1 0.000000 12.000000 25 1 1 76
i1 0.000000 12.000000 29 1 1 76
i1 0.000000 12.000000 29 1 1 76
i1 0.000000 12.000000 32 1 1 76
i1 0.000000 12.000000 33 1 1 76
i1 0.000000 12.000000 33 1 1 76
i2 0.000000 12.000000 34 1 2 76
i2 0.000000 12.000000 34 1 2 76
i2 0.000000 12.000000 35 1 2 76
i1 0.000000 12.000000 35 1 1 76
i1 0.000000 12.000000 36 1 1 76
i1 0.000000 12.000000 36 1 1 76
i1 0.000000 12.000000 1 1 1 78
i1 0.000000 12.000000 2 1 1 78
i1 0.000000 12.000000 2 1 1 78
i1 0.000000 12.000000 3 1 1 78
i1 0.000000 12.000000 3 1 1 78
i1 0.000000 12.000000 4 1 1 78
i1 0.000000 12.000000 4 1 1 78
i1 0.000000 12.000000 5 1 1 78
i1 0.000000 12.000000 6 1 1 78
i1 0.000000 12.000000 6 1 1 78
i1 0.000000 12.000000 7 1 1 78
i1 0.000000 12.000000 10 1 1 78
i1 0.000000 12.000000 11 1 1 78
i1 0.000000 12.000000 22 1 1 78
i1 0.000000 12.000000 22 1 1 78
i1 0.000000 12.000000 23 1 1 78
i1 0.000000 12.000000 23 1 1 78
i1 0.000000 12.000000 24 1 1 78
i1 0.000000 12.000000 24 1 1 78
i1 0.000000 12.000000 30 1 1 78
i1 0.000000 12.000000 30 1 1 78
i1 0.000000 12.000000 31 1 1 78
i1 0.000000 12.000000 31 1 1 78
i1 0.000000 12.000000 32 1 1 78
i1 0.000000 12.000000 32 1 1 78
i1 0.000000 12.000000 33 1 1 78
i1 0.000000 12.000000 33 1 1 78
i1 0.000000 12.000000 34 1 1 78
i1 0.000000 12.000000 34 1 1 78
i1 0.000000 12.000000 35 1 1 78
i1 0.000000 12.000000 35 1 1 78
i1 0.000000 12.000000 36 1 1 78
i1 0.000000 12.000000 36 1 1 78
i1 0.000000 12.000000 2 1 1 80
i1 0.000000 12.000000 2 1 1 80
i1 0.000000 12.000000 3 1 1 80
i1 0.000000 12.000000 3 1 1 80
i1 0.000000 12.000000 4 1 1 80
i1 0.000000 12.000000 4 1 1 80
i1 0.000000 12.000000 5 1 1 80
i1 0.000000 12.000000 5 1 1 80
i1 0.000000 12.000000 6 1 1 80
i1 0.000000 12.000000 6 1 1 80
i1 0.000000 12.000000 7 1 1 80
i1 0.000000 12.000000 23 1 1 80
i1 0.000000 12.000000 23 1 1 80
i1 0.000000 12.000000 29 1 1 80
i1 0.000000 12.000000 30 1 1 80
i1 0.000000 12.000000 30 1 1 80
i1 0.000000 12.000000 31 1 1 80
i1 0.000000 12.000000 31 1 1 80
i1 0.000000 12.000000 32 1 1 80
i1 0.000000 12.000000 32 1 1 80
i1 0.000000 12.000000 33 1 1 80
i1 0.000000 12.000000 33 1 1 80
i1 0.000000 12.000000 34 1 1 80
i1 0.000000 12.000000 34 1 1 80
i1 0.000000 12.000000 35 1 1 80
i1 0.000000 12.000000 35 1 1 80
i1 0.000000 12.000000 36 1 1 80
i1 0.000000 12.000000 36 1 1 80
i1 0.000000 12.000000 3 1 1 82
i1 0.000000 12.000000 4 1 1 82
i1 0.000000 12.000000 4 1 1 82
i1 0.000000 12.000000 5 1 1 82
i1 0.000000 12.000000 5 1 1 82
i1 0.000000 12.000000 6 1 1 82
i1 0.000000 12.000000 6 1 1 82
i1 0.000000 12.000000 7 1 1 82
i1 0.000000 12.000000 29 1 1 82
i1 0.000000 12.000000 30 1 1 82
i1 0.000000 12.000000 30 1 1 82
i1 0.000000 12.000000 31 1 1 82
i1 0.000000 12.000000 31 1 1 82
i1 0.000000 12.000000 32 1 1 82
i1 0.000000 12.000000 32 1 1 82
i1 0.000000 12.000000 33 1 1 82
i1 0.000000 12.000000 33 1 1 82
i1 0.000000 12.000000 34 1 1 82
i1 0.000000 12.000000 34 1 1 82
i1 0.000000 12.000000 35 1 1 82
i1 0.000000 12.000000 35 1 1 82
i1 0.000000 12.000000 36 1 1 82
i1 0.000000 12.000000 36 1 1 82
i1 0.000000 12.000000 4 1 1 84
i1 0.000000 12.000000 4 1 1 84
i1 0.000000 12.000000 5 1 1 84
i1 0.000000 12.000000 5 1 1 84
i1 0.000000 12.000000 6 1 1 84
i1 0.000000 12.000000 6 1 1 84
i1 0.000000 12.000000 7 1 1 84
i1 0.000000 12.000000 7 1 1 84
i1 0.000000 12.000000 8 1 1 84
i1 0.000000 12.000000 8 1 1 84
i1 0.000000 12.000000 9 1 1 84
i1 0.000000 12.000000 9 1 1 84
i1 0.000000 12.000000 10 1 1 84
i1 0.000000 12.000000 10 1 1 84
i1 0.000000 12.000000 29 1 1 84
i1 0.000000 12.000000 30 1 1 84
i1 0.000000 12.000000 30 1 1 84
i1 0.000000 12.000000 31 1 1 84
i2 0.000000 12.000000 31 1 2 84
i2 0.000000 12.000000 32 1 2 84
i2 0.000000 12.000000 32 1 2 84
i1 0.000000 12.000000 33 1 1 84
i1 0.000000 12.000000 33 1 1 84
i1 0.000000 12.000000 34 1 1 84
i1 0.000000 12.000000 34 1 1 84
i1 0.000000 12.000000 35 1 1 84
i1 0.000000 12.000000 35 1 1 84
i1 0.000000 12.000000 36 1 1 84
i1 0.000000 12.000000 4 1 1 85
i1 0.000000 12.000000 4 1 1 85
i1 0.000000 12.000000 5 1 1 85
i1 0.000000 12.000000 5 1 1 85
i1 0.000000 12.000000 6 1 1 85
i1 0.000000 12.000000 6 1 1 85
i1 0.000000 12.000000 7 1 1 85
i1 0.000000 12.000000 7 1 1 85
i1 0.000000 12.000000 8 1 1 85
i1 0.000000 12.000000 8 1 1 85
i1 0.000000 12.000000 9 1 1 85
i1 0.000000 12.000000 9 1 1 85
i1 0.000000 12.000000 10 1 1 85
i1 0.000000 12.000000 10 1 1 85
i1 0.000000 12.000000 11 1 1 85
i1 0.000000 12.000000 27 1 1 85
i1 0.000000 12.000000 27 1 1 85
i1 0.000000 12.000000 29 1 1 85
i1 0.000000 12.000000 30 1 1 85
i1 0.000000 12.000000 30 1 1 85
i1 0.000000 12.000000 31 1 1 85
i2 0.000000 12.000000 31 1 2 85
i2 0.000000 12.000000 32 1 2 85
i2 0.000000 12.000000 32 1 2 85
i1 0.000000 12.000000 33 1 1 85
i1 0.000000 12.000000 33 1 1 85
i1 0.000000 12.000000 34 1 1 85
i1 0.000000 12.000000 34 1 1 85
i1 0.000000 12.000000 35 1 1 85
i1 0.000000 12.000000 35 1 1 85
i1 0.000000 12.000000 36 1 1 85
i1 0.000000 12.000000 3 1 1 87
i1 0.000000 12.000000 4 1 1 87
i1 0.000000 12.000000 4 1 1 87
i1 0.000000 12.000000 5 1 1 87
i1 0.000000 12.000000 5 1 1 87
i1 0.000000 12.000000 6 1 1 87
i1 0.000000 12.000000 6 1 1 87
i1 0.000000 12.000000 7 1 1 87
i1 0.000000 12.000000 7 1 1 87
i1 0.000000 12.000000 8 1 1 87
i2 0.000000 12.000000 8 1 2 87
i2 0.000000 12.000000 9 1 2 87
i1 0.000000 12.000000 9 1 1 87
i1 0.000000 12.000000 10 1 1 87
i1 0.000000 12.000000 10 1 1 87
i1 0.000000 12.000000 11 1 1 87
i1 0.000000 12.000000 11 1 1 87
i1 0.000000 12.000000 13 1 1 87
i1 0.000000 12.000000 13 1 1 87
i1 0.000000 12.000000 14 1 1 87
i1 0.000000 12.000000 14 1 1 87
i1 0.000000 12.000000 15 1 1 87
i1 0.000000 12.000000 15 1 1 87
i1 0.000000 12.000000 16 1 1 87
i1 0.000000 12.000000 16 1 1 87
i1 0.000000 12.000000 26 1 1 87
i1 0.000000 12.000000 27 1 1 87
i1 0.000000 12.000000 27 1 1 87
i1 0.000000 12.000000 28 1 1 87
i1 0.000000 12.000000 28 1 1 87
i1 0.000000 12.000000 30 1 1 87
i1 0.000000 12.000000 30 1 1 87
i1 0.000000 12.000000 31 1 1 87
i2 0.000000 12.000000 31 1 2 87
i2 0.000000 12.000000 32 1 2 87
i2 0.000000 12.000000 32 1 2 87
i1 0.000000 12.000000 33 1 1 87
i1 0.000000 12.000000 33 1 1 87
i1 0.000000 12.000000 34 1 1 87
i1 0.000000 12.000000 34 1 1 87
i1 0.000000 12.000000 35 1 1 87
i1 0.000000 12.000000 35 1 1 87
i1 0.000000 12.000000 36 1 1 87
i1 0.000000 12.000000 3 1 1 89
i1 0.000000 12.000000 4 1 1 89
i1 0.000000 12.000000 4 1 1 89
i1 0.000000 12.000000 5 1 1 89
i1 0.000000 12.000000 5 1 1 89
i1 0.000000 12.000000 6 1 1 89
i1 0.000000 12.000000 6 1 1 89
i1 0.000000 12.000000 7 1 1 89
i1 0.000000 12.000000 7 1 1 89
i2 0.000000 12.000000 8 1 2 89
i2 0.000000 12.000000 8 1 2 89
i2 0.000000 12.000000 9 1 2 89
i1 0.000000 12.000000 9 1 1 89
i1 0.000000 12.000000 10 1 1 89
i1 0.000000 12.000000 10 1 1 89
i1 0.000000 12.000000 11 1 1 89
i1 0.000000 12.000000 11 1 1 89
i1 0.000000 12.000000 12 1 1 89
i1 0.000000 12.000000 12 1 1 89
i1 0.000000 12.000000 13 1 1 89
i1 0.000000 12.000000 13 1 1 89
i1 0.000000 12.000000 14 1 1 89
i1 0.000000 12.000000 14 1 1 89
i1 0.000000 12.000000 15 1 1 89
i1 0.000000 12.000000 15 1 1 89
i1 0.000000 12.000000 16 1 1 89
i1 0.000000 12.000000 16 1 1 89
i1 0.000000 12.000000 25 1 1 89
i1 0.000000 12.000000 26 1 1 89
i1 0.000000 12.000000 26 1 1 89
i1 0.000000 12.000000 27 1 1 89
i2 0.000000 12.000000 27 1 2 89
i1 0.000000 12.000000 28 1 1 89
i1 0.000000 12.000000 28 1 1 89
i1 0.000000 12.000000 29 1 1 89
i1 0.000000 12.000000 29 1 1 89
i1 0.000000 12.000000 30 1 1 89
i1 0.000000 12.000000 30 1 1 89
i2 0.000000 12.000000 31 1 2 89
i2 0.000000 12.000000 31 1 2 89
i1 0.000000 12.000000 32 1 1 89
i1 0.000000 12.000000 32 1 1 89
i1 0.000000 12.000000 33 1 1 89
i1 0.000000 12.000000 33 1 1 89
i1 0.000000 12.000000 34 1 1 89
i1 0.000000 12.000000 34 1 1 89
i1 0.000000 12.000000 35 1 1 89
i1 0.000000 12.000000 35 1 1 89
i1 0.000000 12.000000 4 1 1 91
i1 0.000000 12.000000 4 1 1 91
i1 0.000000 12.000000 5 1 1 91
i1 0.000000 12.000000 5 1 1 91
i1 0.000000 12.000000 6 1 1 91
i1 0.000000 12.000000 6 1 1 91
i1 0.000000 12.000000 7 1 1 91
i1 0.000000 12.000000 7 1 1 91
i1 0.000000 12.000000 8 1 1 91
i2 0.000000 12.000000 8 1 2 91
i1 0.000000 12.000000 9 1 1 91
i1 0.000000 12.000000 9 1 1 91
i1 0.000000 12.000000 10 1 1 91
i1 0.000000 12.000000 10 1 1 91
i1 0.000000 12.000000 11 1 1 91
i1 0.000000 12.000000 11 1 1 91
i1 0.000000 12.000000 12 1 1 91
i1 0.000000 12.000000 12 1 1 91
i1 0.000000 12.000000 13 1 1 91
i1 0.000000 12.000000 13 1 1 91
i1 0.000000 12.000000 14 1 1 91
i1 0.000000 12.000000 14 1 1 91
i1 0.000000 12.000000 15 1 1 91
i1 0.000000 12.000000 16 1 1 91
i1 0.000000 12.000000 16 1 1 91
i1 0.000000 12.000000 25 1 1 91
i1 0.000000 12.000000 26 1 1 91
i1 0.000000 12.000000 26 1 1 91
i1 0.000000 12.000000 27 1 1 91
i2 0.000000 12.000000 27 1 2 91
i2 0.000000 12.000000 28 1 2 91
i1 0.000000 12.000000 28 1 1 91
i1 0.000000 12.000000 29 1 1 91
i1 0.000000 12.000000 29 1 1 91
i1 0.000000 12.000000 30 1 1 91
i1 0.000000 12.000000 30 1 1 91
i1 0.000000 12.000000 31 1 1 91
i1 0.000000 12.000000 31 1 1 91
i1 0.000000 12.000000 32 1 1 91
i1 0.000000 12.000000 32 1 1 91
i1 0.000000 12.000000 33 1 1 91
i1 0.000000 12.000000 33 1 1 91
i1 0.000000 12.000000 34 1 1 91
i1 0.000000 12.000000 34 1 1 91
i1 0.000000 12.000000 35 1 1 91
i1 0.000000 12.000000 35 1 1 91
i1 0.000000 12.000000 4 1 1 93
i1 0.000000 12.000000 5 1 1 93
i1 0.000000 12.000000 5 1 1 93
i1 0.000000 12.000000 6 1 1 93
i1 0.000000 12.000000 6 1 1 93
i1 0.000000 12.000000 7 1 1 93
i1 0.000000 12.000000 7 1 1 93
i1 0.000000 12.000000 8 1 1 93
i1 0.000000 12.000000 8 1 1 93
i1 0.000000 12.000000 9 1 1 93
i1 0.000000 12.000000 9 1 1 93
i1 0.000000 12.000000 10 1 1 93
i1 0.000000 12.000000 10 1 1 93
i1 0.000000 12.000000 11 1 1 93
i1 0.000000 12.000000 11 1 1 93
i1 0.000000 12.000000 12 1 1 93
i1 0.000000 12.000000 12 1 1 93
i1 0.000000 12.000000 13 1 1 93
i1 0.000000 12.000000 13 1 1 93
i1 0.000000 12.000000 14 1 1 93
i1 0.000000 12.000000 19 1 1 93
i1 0.000000 12.000000 20 1 1 93
i1 0.000000 12.000000 25 1 1 93
i1 0.000000 12.000000 25 1 1 93
i1 0.000000 12.000000 26 1 1 93
i1 0.000000 12.000000 26 1 1 93
i1 0.000000 12.000000 27 1 1 93
i2 0.000000 12.000000 27 1 2 93
i2 0.000000 12.000000 28 1 2 93
i2 0.000000 12.000000 28 1 2 93
i1 0.000000 12.000000 29 1 1 93
i1 0.000000 12.000000 29 1 1 93
i1 0.000000 12.000000 30 1 1 93
i1 0.000000 12.000000 30 1 1 93
i1 0.000000 12.000000 31 1 1 93
i1 0.000000 12.000000 31 1 1 93
i1 0.000000 12.000000 32 1 1 93
i1 0.000000 12.000000 32 1 1 93
i1 0.000000 12.000000 33 1 1 93
i1 0.000000 12.000000 33 1 1 93
i1 0.000000 12.000000 34 1 1 93
i1 0.000000 12.000000 34 1 1 93
i1 0.000000 12.000000 35 1 1 93
i1 0.000000 12.000000 35 1 1 93
i1 0.000000 12.000000 4 1 1 95
i1 0.000000 12.000000 5 1 1 95
i1 0.000000 12.000000 5 1 1 95
i1 0.000000 12.000000 6 1 1 95
i1 0.000000 12.000000 6 1 1 95
i1 0.000000 12.000000 7 1 1 95
i1 0.000000 12.000000 7 1 1 95
i2 0.000000 12.000000 8 1 2 95
i1 0.000000 12.000000 8 1 1 95
i1 0.000000 12.000000 9 1 1 95
i1 0.000000 12.000000 9 1 1 95
i1 0.000000 12.000000 10 1 1 95
i1 0.000000 12.000000 10 1 1 95
i2 0.000000 12.000000 11 1 2 95
i2 0.000000 12.000000 11 1 2 95
i1 0.000000 12.000000 12 1 1 95
i1 0.000000 12.000000 12 1 1 95
i1 0.000000 12.000000 13 1 1 95
i1 0.000000 12.000000 13 1 1 95
i1 0.000000 12.000000 18 1 1 95
i1 0.000000 12.000000 19 1 1 95
i1 0.000000 12.000000 19 1 1 95
i1 0.000000 12.000000 20 1 1 95
i1 0.000000 12.000000 20 1 1 95
i1 0.000000 12.000000 25 1 1 95
i1 0.000000 12.000000 25 1 1 95
i1 0.000000 12.000000 26 1 1 95
i1 0.000000 12.000000 26 1 1 95
i1 0.000000 12.000000 27 1 1 95
i2 0.000000 12.000000 27 1 2 95
i2 0.000000 12.000000 28 1 2 95
i1 0.000000 12.000000 28 1 1 95
i1 0.000000 12.000000 29 1 1 95
i1 0.000000 12.000000 29 1 1 95
i1 0.000000 12.000000 30 1 1 95
i1 0.000000 12.000000 30 1 1 95
i1 0.000000 12.000000 31 1 1 95
i1 0.000000 12.000000 31 1 1 95
i1 0.000000 12.000000 32 1 1 95
i1 0.000000 12.000000 32 1 1 95
i1 0.000000 12.000000 33 1 1 95
i1 0.000000 12.000000 33 1 1 95
i1 0.000000 12.000000 34 1 1 95
i1 0.000000 12.000000 34 1 1 95
i1 0.000000 12.000000 35 1 1 95
i1 0.000000 12.000000 5 1 1 96
i1 0.000000 12.000000 5 1 1 96
i1 0.000000 12.000000 6 1 1 96
i1 0.000000 12.000000 6 1 1 96
i1 0.000000 12.000000 7 1 1 96
i2 0.000000 12.000000 7 1 2 96
i2 0.000000 12.000000 8 1 2 96
i1 0.000000 12.000000 8 1 1 96
i1 0.000000 12.000000 9 1 1 96
i1 0.000000 12.000000 9 1 1 96
i1 0.000000 12.000000 10 1 1 96
i2 0.000000 12.000000 10 1 2 96
i2 0.000000 12.000000 11 1 2 96
i1 0.000000 12.000000 11 1 1 96
i1 0.000000 12.000000 12 1 1 96
i1 0.000000 12.000000 12 1 1 96
i1 0.000000 12.000000 13 1 1 96
i1 0.000000 12.000000 13 1 1 96
i1 0.000000 12.000000 18 1 1 96
i1 0.000000 12.000000 19 1 1 96
i1 0.000000 12.000000 19 1 1 96
i1 0.000000 12.000000 20 1 1 96
i1 0.000000 12.000000 20 1 1 96
i1 0.000000 12.000000 21 1 1 96
i1 0.000000 12.000000 24 1 1 96
i1 0.000000 12.000000 25 1 1 96
i1 0.000000 12.000000 25 1 1 96
i1 0.000000 12.000000 26 1 1 96
i1 0.000000 12.000000 27 1 1 96
i1 0.000000 12.000000 27 1 1 96
i1 0.000000 12.000000 28 1 1 96
i1 0.000000 12.000000 28 1 1 96
i1 0.000000 12.000000 29 1 1 96
i1 0.000000 12.000000 29 1 1 96
i1 0.000000 12.000000 30 1 1 96
i1 0.000000 12.000000 30 1 1 96
i1 0.000000 12.000000 31 1 1 96
i1 0.000000 12.000000 31 1 1 96
i1 0.000000 12.000000 32 1 1 96
i1 0.000000 12.000000 32 1 1 96
i1 0.000000 12.000000 33 1 1 96
i1 0.000000 12.000000 33 1 1 96
i1 0.000000 12.000000 34 1 1 96
i1 0.000000 12.000000 34 1 1 96
i1 0.000000 12.000000 5 1 1 98
i1 0.000000 12.000000 6 1 1 98
i1 0.000000 12.000000 6 1 1 98
i1 0.000000 12.000000 7 1 1 98
i2 0.000000 12.000000 7 1 2 98
i2 0.000000 12.000000 8 1 2 98
i1 0.000000 12.000000 8 1 1 98
i1 0.000000 12.000000 9 1 1 98
i1 0.000000 12.000000 9 1 1 98
i1 0.000000 12.000000 10 1 1 98
i2 0.000000 12.000000 10 1 2 98
i2 0.000000 12.000000 11 1 2 98
i1 0.000000 12.000000 11 1 1 98
i1 0.000000 12.000000 12 1 1 98
i1 0.000000 12.000000 12 1 1 98
i1 0.000000 12.000000 13 1 1 98
i1 0.000000 12.000000 13 1 1 98
i1 0.000000 12.000000 14 1 1 98
i1 0.000000 12.000000 18 1 1 98
i1 0.000000 12.000000 18 1 1 98
i1 0.000000 12.000000 19 1 1 98
i1 0.000000 12.000000 19 1 1 98
i1 0.000000 12.000000 20 1 1 98
i1 0.000000 12.000000 20 1 1 98
i1 0.000000 12.000000 21 1 1 98
i1 0.000000 12.000000 21 1 1 98
i1 0.000000 12.000000 24 1 1 98
i1 0.000000 12.000000 24 1 1 98
i1 0.000000 12.000000 27 1 1 98
i1 0.000000 12.000000 27 1 1 98
i1 0.000000 12.000000 28 1 1 98
i1 0.000000 12.000000 28 1 1 98
i1 0.000000 12.000000 29 1 1 98
i1 0.000000 12.000000 29 1 1 98
i1 0.000000 12.000000 30 1 1 98
i1 0.000000 12.000000 30 1 1 98
i1 0.000000 12.000000 31 1 1 98
i1 0.000000 12.000000 31 1 1 98
i1 0.000000 12.000000 32 1 1 98
i1 0.000000 12.000000 32 1 1 98
i1 0.000000 12.000000 33 1 1 98
i1 0.000000 12.000000 33 1 1 98
i1 0.000000 12.000000 34 1 1 98
i1 0.000000 12.000000 6 1 1 100
i1 0.000000 12.000000 7 1 1 100
i2 0.000000 12.000000 7 1 2 100
i1 0.000000 12.000000 8 1 1 100
i1 0.000000 12.000000 8 1 1 100
i1 0.000000 12.000000 9 1 1 100
i1 0.000000 12.000000 9 1 1 100
i1 0.000000 12.000000 10 1 1 100
i2 0.000000 12.000000 10 1 2 100
i2 0.000000 12.000000 11 1 2 100
i1 0.000000 12.000000 11 1 1 100
i1 0.000000 12.000000 12 1 1 100
i1 0.000000 12.000000 12 1 1 100
i1 0.000000 12.000000 13 1 1 100
i1 0.000000 12.000000 13 1 1 100
i1 0.000000 12.000000 14 1 1 100
i1 0.000000 12.000000 14 1 1 100
i1 0.000000 12.000000 15 1 1 100
i1 0.000000 12.000000 18 1 1 100
i1 0.000000 12.000000 18 1 1 100
i1 0.000000 12.000000 19 1 1 100
i1 0.000000 12.000000 19 1 1 100
i1 0.000000 12.000000 20 1 1 100
i1 0.000000 12.000000 20 1 1 100
i1 0.000000 12.000000 21 1 1 100
i1 0.000000 12.000000 21 1 1 100
i1 0.000000 12.000000 22 1 1 100
i1 0.000000 12.000000 22 1 1 100
i1 0.000000 12.000000 23 1 1 100
i1 0.000000 12.000000 24 1 1 100
i1 0.000000 12.000000 27 1 1 100
i1 0.000000 12.000000 27 1 1 100
i1 0.000000 12.000000 28 1 1 100
i1 0.000000 12.000000 28 1 1 100
i1 0.000000 12.000000 29 1 1 100
i1 0.000000 12.000000 29 1 1 100
i1 0.000000 12.000000 30 1 1 100
i1 0.000000 12.000000 30 1 1 100
i1 0.000000 12.000000 31 1 1 100
i1 0.000000 12.000000 31 1 1 100
i1 0.000000 12.000000 32 1 1 100
i1 0.000000 12.000000 32 1 1 100
i1 0.000000 12.000000 33 1 1 100
i1 0.000000 12.000000 33 1 1 100
i1 0.000000 12.000000 34 1 1 100
i1 0.000000 12.000000 7 1 1 102
i1 0.000000 12.000000 7 1 1 102
i1 0.000000 12.000000 8 1 1 102
i1 0.000000 12.000000 8 1 1 102
i1 0.000000 12.000000 9 1 1 102
i1 0.000000 12.000000 9 1 1 102
i2 0.000000 12.000000 10 1 2 102
i2 0.000000 12.000000 10 1 2 102
i2 0.000000 12.000000 11 1 2 102
i1 0.000000 12.000000 11 1 1 102
i1 0.000000 12.000000 12 1 1 102
i1 0.000000 12.000000 12 1 1 102
i1 0.000000 12.000000 13 1 1 102
i1 0.000000 12.000000 13 1 1 102
i1 0.000000 12.000000 14 1 1 102
i1 0.000000 12.000000 14 1 1 102
i1 0.000000 12.000000 15 1 1 102
i1 0.000000 12.000000 15 1 1 102
i1 0.000000 12.000000 18 1 1 102
i1 0.000000 12.000000 18 1 1 102
i1 0.000000 12.000000 19 1 1 102
i1 0.000000 12.000000 19 1 1 102
i1 0.000000 12.000000 20 1 1 102
i1 0.000000 12.000000 20 1 1 102
i1 0.000000 12.000000 21 1 1 102
i1 0.000000 12.000000 21 1 1 102
i1 0.000000 12.000000 22 1 1 102
i1 0.000000 12.000000 22 1 1 102
i1 0.000000 12.000000 23 1 1 102
i1 0.000000 12.000000 23 1 1 102
i1 0.000000 12.000000 27 1 1 102
i1 0.000000 12.000000 27 1 1 102
i1 0.000000 12.000000 28 1 1 102
i1 0.000000 12.000000 28 1 1 102
i1 0.000000 12.000000 29 1 1 102
i1 0.000000 12.000000 29 1 1 102
i1 0.000000 12.000000 30 1 1 102
i1 0.000000 12.000000 30 1 1 102
i1 0.000000 12.000000 31 1 1 102
i1 0.000000 12.000000 31 1 1 102
i1 0.000000 12.000000 32 1 1 102
i1 0.000000 12.000000 32 1 1 102
i1 0.000000 12.000000 33 1 1 102
i1 0.000000 12.000000 33 1 1 102
i1 0.000000 12.000000 7 1 1 104
i1 0.000000 12.000000 8 1 1 104
i1 0.000000 12.000000 8 1 1 104
i1 0.000000 12.000000 9 1 1 104
i1 0.000000 12.000000 9 1 1 104
i2 0.000000 12.000000 10 1 2 104
i2 0.000000 12.000000 10 1 2 104
i2 0.000000 12.000000 11 1 2 104
i1 0.000000 12.000000 11 1 1 104
i1 0.000000 12.000000 12 1 1 104
i1 0.000000 12.000000 12 1 1 104
i1 0.000000 12.000000 13 1 1 104
i1 0.000000 12.000000 13 1 1 104
i1 0.000000 12.000000 14 1 1 104
i1 0.000000 12.000000 14 1 1 104
i1 0.000000 12.000000 15 1 1 104
i1 0.000000 12.000000 15 1 1 104
i1 0.000000 12.000000 16 1 1 104
i1 0.000000 12.000000 18 1 1 104
i1 0.000000 12.000000 18 1 1 104
i1 0.000000 12.000000 19 1 1 104
i1 0.000000 12.000000 19 1 1 104
i1 0.000000 12.000000 20 1 1 104
i1 0.000000 12.000000 20 1 1 104
i1 0.000000 12.000000 21 1 1 104
i1 0.000000 12.000000 21 1 1 104
i1 0.000000 12.000000 22 1 1 104
i1 0.000000 12.000000 22 1 1 104
i1 0.000000 12.000000 23 1 1 104
i1 0.000000 12.000000 26 1 1 104
i1 0.000000 12.000000 27 1 1 104
i1 0.000000 12.000000 27 1 1 104
i1 0.000000 12.000000 28 1 1 104
i1 0.000000 12.000000 28 1 1 104
i1 0.000000 12.000000 29 1 1 104
i1 0.000000 12.000000 29 1 1 104
i1 0.000000 12.000000 30 1 1 104
i1 0.000000 12.000000 30 1 1 104
i1 0.000000 12.000000 31 1 1 104
i1 0.000000 12.000000 31 1 1 104
i1 0.000000 12.000000 32 1 1 104
i1 0.000000 12.000000 32 1 1 104
i1 0.000000 12.000000 33 1 1 104
i1 0.000000 12.000000 8 1 1 106
i1 0.000000 12.000000 8 1 1 106
i1 0.000000 12.000000 9 1 1 106
i1 0.000000 12.000000 9 1 1 106
i1 0.000000 12.000000 10 1 1 106
i2 0.000000 12.000000 10 1 2 106
i2 0.000000 12.000000 11 1 2 106
i1 0.000000 12.000000 11 1 1 106
i1 0.000000 12.000000 12 1 1 106
i1 0.000000 12.000000 12 1 1 106
i1 0.000000 12.000000 13 1 1 106
i1 0.000000 12.000000 13 1 1 106
i1 0.000000 12.000000 14 1 1 106
i1 0.000000 12.000000 14 1 1 106
i1 0.000000 12.000000 15 1 1 106
i1 0.000000 12.000000 15 1 1 106
i1 0.000000 12.000000 16 1 1 106
i1 0.000000 12.000000 17 1 1 106
i1 0.000000 12.000000 18 1 1 106
i1 0.000000 12.000000 18 1 1 106
i1 0.000000 12.000000 19 1 1 106
i1 0.000000 12.000000 19 1 1 106
i1 0.000000 12.000000 20 1 1 106
i1 0.000000 12.000000 20 1 1 106
i1 0.000000 12.000000 21 1 1 106
i1 0.000000 12.000000 21 1 1 106
i1 0.000000 12.000000 22 1 1 106
i1 0.000000 12.000000 22 1 1 106
i1 0.000000 12.000000 23 1 1 106
i1 0.000000 12.000000 23 1 1 106
i1 0.000000 12.000000 26 1 1 106
i1 0.000000 12.000000 26 1 1 106
i1 0.000000 12.000000 27 1 1 106
i1 0.000000 12.000000 27 1 1 106
i1 0.000000 12.000000 28 1 1 106
i1 0.000000 12.000000 28 1 1 106
i1 0.000000 12.000000 29 1 1 106
i1 0.000000 12.000000 29 1 1 106
i1 0.000000 12.000000 30 1 1 106
i1 0.000000 12.000000 30 1 1 106
i1 0.000000 12.000000 31 1 1 106
i1 0.000000 12.000000 31 1 1 106
i1 0.000000 12.000000 32 1 1 106
i1 0.000000 12.000000 32 1 1 106
i1 0.000000 12.000000 9 1 1 107
i1 0.000000 12.000000 10 1 1 107
i1 0.000000 12.000000 10 1 1 107
i2 0.000000 12.000000 11 1 2 107
i1 0.000000 12.000000 11 1 1 107
i1 0.000000 12.000000 12 1 1 107
i1 0.000000 12.000000 12 1 1 107
i1 0.000000 12.000000 13 1 1 107
i1 0.000000 12.000000 13 1 1 107
i1 0.000000 12.000000 14 1 1 107
i1 0.000000 12.000000 14 1 1 107
i1 0.000000 12.000000 15 1 1 107
i1 0.000000 12.000000 15 1 1 107
i1 0.000000 12.000000 17 1 1 107
i1 0.000000 12.000000 17 1 1 107
i1 0.000000 12.000000 18 1 1 107
i1 0.000000 12.000000 18 1 1 107
i1 0.000000 12.000000 19 1 1 107
i1 0.000000 12.000000 19 1 1 107
i1 0.000000 12.000000 20 1 1 107
i1 0.000000 12.000000 20 1 1 107
i1 0.000000 12.000000 21 1 1 107
i1 0.000000 12.000000 21 1 1 107
i1 0.000000 12.000000 22 1 1 107
i1 0.000000 12.000000 22 1 1 107
i1 0.000000 12.000000 23 1 1 107
i1 0.000000 12.000000 23 1 1 107
i1 0.000000 12.000000 24 1 1 107
i1 0.000000 12.000000 25 1 1 107
i1 0.000000 12.000000 26 1 1 107
i1 0.000000 12.000000 26 1 1 107
i1 0.000000 12.000000 27 1 1 107
i1 0.000000 12.000000 27 1 1 107
i1 0.000000 12.000000 28 1 1 107
i1 0.000000 12.000000 28 1 1 107
i1 0.000000 12.000000 29 1 1 107
i1 0.000000 12.000000 29 1 1 107
i1 0.000000 12.000000 30 1 1 107
i1 0.000000 12.000000 30 1 1 107
i1 0.000000 12.000000 31 1 1 107
i1 0.000000 12.000000 31 1 1 107
i1 0.000000 12.000000 32 1 1 107
i1 0.000000 12.000000 10 1 1 109
i1 0.000000 12.000000 10 1 1 109
i1 0.000000 12.000000 11 1 1 109
i1 0.000000 12.000000 11 1 1 109
i1 0.000000 12.000000 12 1 1 109
i1 0.000000 12.000000 12 1 1 109
i1 0.000000 12.000000 13 1 1 109
i1 0.000000 12.000000 13 1 1 109
i1 0.000000 12.000000 14 1 1 109
i1 0.000000 12.000000 14 1 1 109
i1 0.000000 12.000000 15 1 1 109
i1 0.000000 12.000000 15 1 1 109
i1 0.000000 12.000000 16 1 1 109
i1 0.000000 12.000000 16 1 1 109
i1 0.000000 12.000000 17 1 1 109
i1 0.000000 12.000000 17 1 1 109
i1 0.000000 12.000000 18 1 1 109
i1 0.000000 12.000000 18 1 1 109
i1 0.000000 12.000000 19 1 1 109
i1 0.000000 12.000000 19 1 1 109
i1 0.000000 12.000000 20 1 1 109
i1 0.000000 12.000000 20 1 1 109
i1 0.000000 12.000000 21 1 1 109
i1 0.000000 12.000000 21 1 1 109
i1 0.000000 12.000000 22 1 1 109
i1 0.000000 12.000000 22 1 1 109
i1 0.000000 12.000000 23 1 1 109
i1 0.000000 12.000000 23 1 1 109
i1 0.000000 12.000000 24 1 1 109
i1 0.000000 12.000000 24 1 1 109
i1 0.000000 12.000000 25 1 1 109
i1 0.000000 12.000000 25 1 1 109
i1 0.000000 12.000000 26 1 1 109
i1 0.000000 12.000000 26 1 1 109
i1 0.000000 12.000000 27 1 1 109
i1 0.000000 12.000000 27 1 1 109
i1 0.000000 12.000000 28 1 1 109
i1 0.000000 12.000000 28 1 1 109
i1 0.000000 12.000000 29 1 1 109
i1 0.000000 12.000000 29 1 1 109
i1 0.000000 12.000000 30 1 1 109
i1 0.000000 12.000000 30 1 1 109
i1 0.000000 12.000000 31 1 1 109
i1 0.000000 12.000000 31 1 1 109
i1 0.000000 12.000000 11 1 1 111
i1 0.000000 12.000000 11 1 1 111
i1 0.000000 12.000000 12 1 1 111
i1 0.000000 12.000000 13 1 1 111
i1 0.000000 12.000000 14 1 1 111
i1 0.000000 12.000000 14 1 1 111
i1 0.000000 12.000000 15 1 1 111
i1 0.000000 12.000000 15 1 1 111
i1 0.000000 12.000000 16 1 1 111
i1 0.000000 12.000000 16 1 1 111
i1 0.000000 12.000000 17 1 1 111
i1 0.000000 12.000000 17 1 1 111
i1 0.000000 12.000000 18 1 1 111
i1 0.000000 12.000000 18 1 1 111
i1 0.000000 12.000000 19 1 1 111
i1 0.000000 12.000000 19 1 1 111
i1 0.000000 12.000000 20 1 1 111
i1 0.000000 12.000000 20 1 1 111
i1 0.000000 12.000000 21 1 1 111
i1 0.000000 12.000000 21 1 1 111
i1 0.000000 12.000000 22 1 1 111
i1 0.000000 12.000000 22 1 1 111
i1 0.000000 12.000000 23 1 1 111
i1 0.000000 12.000000 23 1 1 111
i1 0.000000 12.000000 24 1 1 111
i1 0.000000 12.000000 24 1 1 111
i1 0.000000 12.000000 25 1 1 111
i1 0.000000 12.000000 25 1 1 111
i1 0.000000 12.000000 26 1 1 111
i1 0.000000 12.000000 26 1 1 111
i1 0.000000 12.000000 27 1 1 111
i1 0.000000 12.000000 27 1 1 111
i1 0.000000 12.000000 28 1 1 111
i1 0.000000 12.000000 28 1 1 111
i1 0.000000 12.000000 29 1 1 111
i1 0.000000 12.000000 29 1 1 111
i1 0.000000 12.000000 30 1 1 111
i1 0.000000 12.000000 30 1 1 111
i1 0.000000 12.000000 31 1 1 111
i1 0.000000 12.000000 14 1 1 113
i1 0.000000 12.000000 14 1 1 113
i1 0.000000 12.000000 15 1 1 113
i1 0.000000 12.000000 15 1 1 113
i1 0.000000 12.000000 16 1 1 113
i1 0.000000 12.000000 16 1 1 113
i1 0.000000 12.000000 17 1 1 113
i1 0.000000 12.000000 17 1 1 113
i1 0.000000 12.000000 18 1 1 113
i1 0.000000 12.000000 18 1 1 113
i1 0.000000 12.000000 19 1 1 113
i1 0.000000 12.000000 19 1 1 113
i1 0.000000 12.000000 20 1 1 113
i1 0.000000 12.000000 20 1 1 113
i1 0.000000 12.000000 21 1 1 113
i1 0.000000 12.000000 21 1 1 113
i1 0.000000 12.000000 22 1 1 113
i1 0.000000 12.000000 22 1 1 113
i1 0.000000 12.000000 23 1 1 113
i1 0.000000 12.000000 23 1 1 113
i1 0.000000 12.000000 24 1 1 113
i1 0.000000 12.000000 24 1 1 113
i1 0.000000 12.000000 25 1 1 113
i1 0.000000 12.000000 25 1 1 113
i1 0.000000 12.000000 26 1 1 113
i1 0.000000 12.000000 26 1 1 113
i1 0.000000 12.000000 27 1 1 113
i1 0.000000 12.000000 27 1 1 113
i1 0.000000 12.000000 28 1 1 113
i1 0.000000 12.000000 28 1 1 113
i1 0.000000 12.000000 14 1 1 115
i1 0.000000 12.000000 14 1 1 115
i1 0.000000 12.000000 15 1 1 115
i1 0.000000 12.000000 15 1 1 115
i1 0.000000 12.000000 16 1 1 115
i1 0.000000 12.000000 16 1 1 115
i1 0.000000 12.000000 17 1 1 115
i1 0.000000 12.000000 17 1 1 115
i1 0.000000 12.000000 18 1 1 115
i1 0.000000 12.000000 18 1 1 115
i1 0.000000 12.000000 19 1 1 115
i1 0.000000 12.000000 19 1 1 115
i1 0.000000 12.000000 20 1 1 115
i1 0.000000 12.000000 20 1 1 115
i1 0.000000 12.000000 21 1 1 115
i1 0.000000 12.000000 21 1 1 115
i1 0.000000 12.000000 22 1 1 115
i1 0.000000 12.000000 22 1 1 115
i1 0.000000 12.000000 23 1 1 115
i1 0.000000 12.000000 23 1 1 115
i1 0.000000 12.000000 25 1 1 115
i1 0.000000 12.000000 25 1 1 115
i1 0.000000 12.000000 26 1 1 115
i1 0.000000 12.000000 26 1 1 115
i1 0.000000 12.000000 27 1 1 115
i1 0.000000 12.000000 27 1 1 115
i1 0.000000 12.000000 28 1 1 115
i1 0.000000 12.000000 28 1 1 115
i1 0.000000 12.000000 14 1 1 117
i1 0.000000 12.000000 15 1 1 117
i1 0.000000 12.000000 15 1 1 117
i1 0.000000 12.000000 16 1 1 117
i1 0.000000 12.000000 16 1 1 117
i1 0.000000 12.000000 17 1 1 117
i1 0.000000 12.000000 17 1 1 117
i1 0.000000 12.000000 18 1 1 117
i1 0.000000 12.000000 18 1 1 117
i1 0.000000 12.000000 19 1 1 117
i1 0.000000 12.000000 19 1 1 117
i1 0.000000 12.000000 20 1 1 117
i1 0.000000 12.000000 21 1 1 117
i1 0.000000 12.000000 22 1 1 117
i1 0.000000 12.000000 22 1 1 117
i1 0.000000 12.000000 23 1 1 117
i1 0.000000 12.000000 23 1 1 117
i1 0.000000 12.000000 25 1 1 117
i1 0.000000 12.000000 25 1 1 117
i1 0.000000 12.000000 26 1 1 117
i1 0.000000 12.000000 26 1 1 117
i1 0.000000 12.000000 27 1 1 117
i1 0.000000 12.000000 27 1 1 117
i1 0.000000 12.000000 28 1 1 117
i1 0.000000 12.000000 15 1 1 118
i1 0.000000 12.000000 16 1 1 118
i1 0.000000 12.000000 16 1 1 118
i1 0.000000 12.000000 17 1 1 118
i1 0.000000 12.000000 17 1 1 118
i1 0.000000 12.000000 18 1 1 118
i1 0.000000 12.000000 18 1 1 118
i1 0.000000 12.000000 19 1 1 118
i1 0.000000 12.000000 19 1 1 118
i1 0.000000 12.000000 20 1 1 118
i1 0.000000 12.000000 22 1 1 118
i1 0.000000 12.000000 22 1 1 118
i1 0.000000 12.000000 23 1 1 118
i1 0.000000 12.000000 23 1 1 118
i1 0.000000 12.000000 25 1 1 118
i1 0.000000 12.000000 26 1 1 118
i1 0.000000 12.000000 26 1 1 118
i1 0.000000 12.000000 27 1 1 118
i1 0.000000 12.000000 27 1 1 118
i1 0.000000 12.000000 17 1 1 120
i1 0.000000 12.000000 18 1 1 120
i1 0.000000 12.000000 18 1 1 120
i1 0.000000 12.000000 19 1 1 120
i1 0.000000 12.000000 19 1 1 120
i1 0.000000 12.000000 22 1 1 120
i1 0.000000 12.000000 22 1 1 120
i1 0.000000 12.000000 23 1 1 120
i1 0.000000 12.000000 25 1 1 120
i1 0.000000 12.000000 26 1 1 120
i1 0.000000 12.000000 26 1 1 120
i1 0.000000 12.000000 18 1 1 122
i1 0.000000 12.000000 18 1 1 122
i1 0.000000 12.000000 19 1 1 122
i1 0.000000 12.000000 19 1 1 122
i1 0.000000 12.000000 22 1 1 122
i1 0.000000 12.000000 22 1 1 122
i1 0.000000 12.000000 23 1 1 122
i1 0.000000 12.000000 26 1 1 122
i1 0.000000 12.000000 19 1 1 124
i1 0.000000 12.000000 22 1 1 124
i1 0.000000 12.000000 22 1 1 124
i1 0.000000 12.000000 23 1 1 124

</CsScore>
</CsoundSynthesizer>
