; James Keary - FROM THE HEADER FILE!
; General Midi Testing File - Write out Midi files for loading into a DAW, 
; can open output midi file (located in your username file) in Sibelius, 
; Finale, and Logic.  If opening in Finale, make sure to check the box 
; \"Channels Become Staves\" under import midi file options, so that the 
; channels will be split into different instruments. 
<CsoundSynthesizer>
<CsOptions>
-t60 -g -d -m0 -n
; -m0 suppresses f-tables displaying in terminal, --nosound no sound files 
; written, just a midi file written to your username file. 
</CsOptions>
<CsInstruments>

sr		=	44100
ksmps	=	100
nchnls	=	2
0dbfs	= 	1

#include "../CsoundFiles/Chromatic.txt"
;
#include "../CsoundFiles/MIDI.txt"
;
giVelocities ftgen 0, 0, -8, -2, 87, 88, 89, 90, 91, 92, 93, 94

$MIDI(1)
$MIDI(2)
$MIDI(3)
$MIDI(4)

</CsInstruments>
<CsScore>
; p1 - instrument, p2 - start time, p3 - duration, p4 - note index, p5 - velocity, p6 - channel number p7 - pan (btwn 0 and 127, where 64 is dead center, 0 is hard left and 127 is hard right)
i1 0.000000 12.000000 8 1 1 0
i1 0.000000 12.000000 8 1 1 0
i1 0.000000 12.000000 6 1 1 1
i1 0.000000 12.000000 6 1 1 1
i1 0.000000 12.000000 7 1 1 1
i1 0.000000 12.000000 8 1 1 1
i1 0.000000 12.000000 8 1 1 1
i1 0.000000 12.000000 9 1 1 1
i1 0.000000 12.000000 6 1 1 3
i1 0.000000 12.000000 6 1 1 3
i1 0.000000 12.000000 7 1 1 3
i1 0.000000 12.000000 8 1 1 3
i1 0.000000 12.000000 8 1 1 3
i1 0.000000 12.000000 9 1 1 3
i1 0.000000 12.000000 6 1 1 5
i1 0.000000 12.000000 6 1 1 5
i1 0.000000 12.000000 7 1 1 5
i1 0.000000 12.000000 8 1 1 5
i1 0.000000 12.000000 8 1 1 5
i1 0.000000 12.000000 9 1 1 5
i1 0.000000 12.000000 1 1 1 7
i1 0.000000 12.000000 2 1 1 7
i1 0.000000 12.000000 3 1 1 7
i1 0.000000 12.000000 5 1 1 7
i1 0.000000 12.000000 6 1 1 7
i1 0.000000 12.000000 6 1 1 7
i1 0.000000 12.000000 7 1 1 7
i1 0.000000 12.000000 8 1 1 7
i1 0.000000 12.000000 8 1 1 7
i1 0.000000 12.000000 9 1 1 7
i1 0.000000 12.000000 10 1 1 7
i1 0.000000 12.000000 1 1 1 9
i1 0.000000 12.000000 2 1 1 9
i1 0.000000 12.000000 3 1 1 9
i1 0.000000 12.000000 3 1 1 9
i1 0.000000 12.000000 4 1 1 9
i1 0.000000 12.000000 5 1 1 9
i1 0.000000 12.000000 6 1 1 9
i1 0.000000 12.000000 6 1 1 9
i1 0.000000 12.000000 7 1 1 9
i1 0.000000 12.000000 8 1 1 9
i1 0.000000 12.000000 8 1 1 9
i1 0.000000 12.000000 9 1 1 9
i1 0.000000 12.000000 10 1 1 9
i1 0.000000 12.000000 3 1 1 11
i1 0.000000 12.000000 3 1 1 11
i1 0.000000 12.000000 4 1 1 11
i1 0.000000 12.000000 5 1 1 11
i1 0.000000 12.000000 6 1 1 11
i1 0.000000 12.000000 6 1 1 11
i1 0.000000 12.000000 7 1 1 11
i1 0.000000 12.000000 8 1 1 11
i1 0.000000 12.000000 8 1 1 11
i1 0.000000 12.000000 9 1 1 11
i1 0.000000 12.000000 10 1 1 11
i1 0.000000 12.000000 11 1 1 11
i1 0.000000 12.000000 3 1 1 13
i1 0.000000 12.000000 4 1 1 13
i1 0.000000 12.000000 5 1 1 13
i1 0.000000 12.000000 6 1 1 13
i1 0.000000 12.000000 6 1 1 13
i1 0.000000 12.000000 7 1 1 13
i1 0.000000 12.000000 8 1 1 13
i1 0.000000 12.000000 8 1 1 13
i1 0.000000 12.000000 9 1 1 13
i1 0.000000 12.000000 10 1 1 13
i1 0.000000 12.000000 11 1 1 13
i1 0.000000 12.000000 4 1 1 15
i1 0.000000 12.000000 5 1 1 15
i1 0.000000 12.000000 6 1 1 15
i1 0.000000 12.000000 6 1 1 15
i1 0.000000 12.000000 7 1 1 15
i1 0.000000 12.000000 8 1 1 15
i1 0.000000 12.000000 8 1 1 15
i1 0.000000 12.000000 9 1 1 15
i1 0.000000 12.000000 12 1 1 15
i1 0.000000 12.000000 4 1 1 17
i1 0.000000 12.000000 5 1 1 17
i1 0.000000 12.000000 6 1 1 17
i1 0.000000 12.000000 6 1 1 17
i1 0.000000 12.000000 7 1 1 17
i1 0.000000 12.000000 8 1 1 17
i1 0.000000 12.000000 8 1 1 17
i1 0.000000 12.000000 9 1 1 17
i1 0.000000 12.000000 5 1 1 19
i1 0.000000 12.000000 6 1 1 19
i1 0.000000 12.000000 6 1 1 19
i1 0.000000 12.000000 7 1 1 19
i1 0.000000 12.000000 8 1 1 19
i1 0.000000 12.000000 8 1 1 19
i1 0.000000 12.000000 9 1 1 19
i1 0.000000 12.000000 5 1 1 21
i1 0.000000 12.000000 6 1 1 21
i1 0.000000 12.000000 6 1 1 21
i1 0.000000 12.000000 7 1 1 21
i1 0.000000 12.000000 8 1 1 21
i1 0.000000 12.000000 8 1 1 21
i1 0.000000 12.000000 9 1 1 21
i1 0.000000 12.000000 6 1 1 23
i1 0.000000 12.000000 6 1 1 23
i1 0.000000 12.000000 7 1 1 23
i1 0.000000 12.000000 8 1 1 23
i1 0.000000 12.000000 8 1 1 23
i1 0.000000 12.000000 9 1 1 23
i1 0.000000 12.000000 10 1 1 23
i1 0.000000 12.000000 11 1 1 23
i1 0.000000 12.000000 6 1 1 25
i1 0.000000 12.000000 7 1 1 25
i1 0.000000 12.000000 8 1 1 25
i1 0.000000 12.000000 8 1 1 25
i1 0.000000 12.000000 9 1 1 25
i1 0.000000 12.000000 10 1 1 25
i1 0.000000 12.000000 11 1 1 25
i1 0.000000 12.000000 7 1 1 27
i1 0.000000 12.000000 8 1 1 27
i1 0.000000 12.000000 8 1 1 27
i1 0.000000 12.000000 9 1 1 27
i1 0.000000 12.000000 10 1 1 27
i1 0.000000 12.000000 11 1 1 27
i1 0.000000 12.000000 8 1 1 29
i1 0.000000 12.000000 9 1 1 29
i1 0.000000 12.000000 10 1 1 29
i1 0.000000 12.000000 11 1 1 29
i1 0.000000 12.000000 33 1 1 35
i1 0.000000 12.000000 34 1 1 35
i1 0.000000 12.000000 34 1 1 35
i1 0.000000 12.000000 32 1 1 37
i1 0.000000 12.000000 33 1 1 37
i1 0.000000 12.000000 34 1 1 37
i1 0.000000 12.000000 34 1 1 37
i1 0.000000 12.000000 35 1 1 37
i1 0.000000 12.000000 32 1 1 39
i1 0.000000 12.000000 33 1 1 39
i1 0.000000 12.000000 34 1 1 39
i1 0.000000 12.000000 34 1 1 39
i1 0.000000 12.000000 35 1 1 39
i1 0.000000 12.000000 32 1 1 41
i1 0.000000 12.000000 33 1 1 41
i1 0.000000 12.000000 34 1 1 41
i1 0.000000 12.000000 34 1 1 41
i1 0.000000 12.000000 35 1 1 41
i1 0.000000 12.000000 36 1 1 41
i1 0.000000 12.000000 31 1 1 43
i1 0.000000 12.000000 32 1 1 43
i1 0.000000 12.000000 33 1 1 43
i1 0.000000 12.000000 34 1 1 43
i1 0.000000 12.000000 34 1 1 43
i1 0.000000 12.000000 35 1 1 43
i1 0.000000 12.000000 36 1 1 43
i1 0.000000 12.000000 29 1 1 45
i1 0.000000 12.000000 30 1 1 45
i1 0.000000 12.000000 31 1 1 45
i1 0.000000 12.000000 31 1 1 45
i1 0.000000 12.000000 32 1 1 45
i1 0.000000 12.000000 33 1 1 45
i1 0.000000 12.000000 34 1 1 45
i1 0.000000 12.000000 34 1 1 45
i1 0.000000 12.000000 35 1 1 45
i1 0.000000 12.000000 36 1 1 45
i1 0.000000 12.000000 29 1 1 47
i1 0.000000 12.000000 29 1 1 47
i1 0.000000 12.000000 30 1 1 47
i1 0.000000 12.000000 31 1 1 47
i1 0.000000 12.000000 31 1 1 47
i1 0.000000 12.000000 32 1 1 47
i1 0.000000 12.000000 33 1 1 47
i1 0.000000 12.000000 34 1 1 47
i1 0.000000 12.000000 34 1 1 47
i1 0.000000 12.000000 35 1 1 47
i1 0.000000 12.000000 29 1 1 49
i1 0.000000 12.000000 29 1 1 49
i1 0.000000 12.000000 30 1 1 49
i1 0.000000 12.000000 31 1 1 49
i1 0.000000 12.000000 31 1 1 49
i1 0.000000 12.000000 32 1 1 49
i1 0.000000 12.000000 33 1 1 49
i1 0.000000 12.000000 34 1 1 49
i1 0.000000 12.000000 34 1 1 49
i1 0.000000 12.000000 35 1 1 49
i1 0.000000 12.000000 11 1 1 51
i1 0.000000 12.000000 11 1 1 51
i1 0.000000 12.000000 12 1 1 51
i1 0.000000 12.000000 29 1 1 51
i1 0.000000 12.000000 29 1 1 51
i1 0.000000 12.000000 30 1 1 51
i1 0.000000 12.000000 31 1 1 51
i1 0.000000 12.000000 31 1 1 51
i1 0.000000 12.000000 32 1 1 51
i1 0.000000 12.000000 33 1 1 51
i1 0.000000 12.000000 34 1 1 51
i1 0.000000 12.000000 34 1 1 51
i1 0.000000 12.000000 35 1 1 51
i1 0.000000 12.000000 10 1 1 53
i1 0.000000 12.000000 11 1 1 53
i1 0.000000 12.000000 11 1 1 53
i1 0.000000 12.000000 15 1 1 53
i1 0.000000 12.000000 16 1 1 53
i1 0.000000 12.000000 16 1 1 53
i1 0.000000 12.000000 29 1 1 53
i1 0.000000 12.000000 30 1 1 53
i1 0.000000 12.000000 31 1 1 53
i1 0.000000 12.000000 31 1 1 53
i1 0.000000 12.000000 32 1 1 53
i1 0.000000 12.000000 33 1 1 53
i1 0.000000 12.000000 34 1 1 53
i1 0.000000 12.000000 34 1 1 53
i1 0.000000 12.000000 3 1 1 55
i1 0.000000 12.000000 3 1 1 55
i1 0.000000 12.000000 4 1 1 55
i1 0.000000 12.000000 6 1 1 55
i1 0.000000 12.000000 7 1 1 55
i1 0.000000 12.000000 8 1 1 55
i1 0.000000 12.000000 8 1 1 55
i1 0.000000 12.000000 9 1 1 55
i1 0.000000 12.000000 10 1 1 55
i1 0.000000 12.000000 11 1 1 55
i1 0.000000 12.000000 11 1 1 55
i1 0.000000 12.000000 16 1 1 55
i1 0.000000 12.000000 16 1 1 55
i1 0.000000 12.000000 30 1 1 55
i1 0.000000 12.000000 31 1 1 55
i1 0.000000 12.000000 31 1 1 55
i1 0.000000 12.000000 32 1 1 55
i1 0.000000 12.000000 33 1 1 55
i1 0.000000 12.000000 34 1 1 55
i1 0.000000 12.000000 3 1 1 57
i1 0.000000 12.000000 4 1 1 57
i1 0.000000 12.000000 5 1 1 57
i1 0.000000 12.000000 6 1 1 57
i1 0.000000 12.000000 6 1 1 57
i1 0.000000 12.000000 7 1 1 57
i1 0.000000 12.000000 8 1 1 57
i1 0.000000 12.000000 8 1 1 57
i1 0.000000 12.000000 9 1 1 57
i1 0.000000 12.000000 10 1 1 57
i1 0.000000 12.000000 11 1 1 57
i1 0.000000 12.000000 4 1 1 59
i1 0.000000 12.000000 5 1 1 59
i1 0.000000 12.000000 6 1 1 59
i1 0.000000 12.000000 6 1 1 59
i1 0.000000 12.000000 7 1 1 59
i1 0.000000 12.000000 8 1 1 59
i1 0.000000 12.000000 8 1 1 59
i1 0.000000 12.000000 9 1 1 59
i1 0.000000 12.000000 10 1 1 59
i1 0.000000 12.000000 6 1 1 61
i1 0.000000 12.000000 6 1 1 61
i1 0.000000 12.000000 7 1 1 61
i1 0.000000 12.000000 8 1 1 61
i1 0.000000 12.000000 31 1 1 63
i1 0.000000 12.000000 31 1 1 63
i1 0.000000 12.000000 32 1 1 63
i1 0.000000 12.000000 33 1 1 63
i1 0.000000 12.000000 34 1 1 63
i1 0.000000 12.000000 34 1 1 63
i1 0.000000 12.000000 22 1 1 64
i1 0.000000 12.000000 23 1 1 64
i1 0.000000 12.000000 24 1 1 64
i1 0.000000 12.000000 29 1 1 64
i1 0.000000 12.000000 30 1 1 64
i1 0.000000 12.000000 31 1 1 64
i1 0.000000 12.000000 31 1 1 64
i1 0.000000 12.000000 32 1 1 64
i1 0.000000 12.000000 33 1 1 64
i1 0.000000 12.000000 34 1 1 64
i1 0.000000 12.000000 34 1 1 64
i1 0.000000 12.000000 35 1 1 64
i1 0.000000 12.000000 3 1 1 66
i1 0.000000 12.000000 4 1 1 66
i1 0.000000 12.000000 5 1 1 66
i1 0.000000 12.000000 6 1 1 66
i1 0.000000 12.000000 6 1 1 66
i1 0.000000 12.000000 7 1 1 66
i1 0.000000 12.000000 8 1 1 66
i1 0.000000 12.000000 11 1 1 66
i1 0.000000 12.000000 12 1 1 66
i1 0.000000 12.000000 13 1 1 66
i1 0.000000 12.000000 13 1 1 66
i1 0.000000 12.000000 14 1 1 66
i1 0.000000 12.000000 15 1 1 66
i1 0.000000 12.000000 16 1 1 66
i1 0.000000 12.000000 16 1 1 66
i1 0.000000 12.000000 22 1 1 66
i1 0.000000 12.000000 23 1 1 66
i1 0.000000 12.000000 24 1 1 66
i1 0.000000 12.000000 29 1 1 66
i1 0.000000 12.000000 30 1 1 66
i1 0.000000 12.000000 31 1 1 66
i1 0.000000 12.000000 31 1 1 66
i1 0.000000 12.000000 32 1 1 66
i1 0.000000 12.000000 33 1 1 66
i1 0.000000 12.000000 34 1 1 66
i1 0.000000 12.000000 34 1 1 66
i1 0.000000 12.000000 35 1 1 66
i1 0.000000 12.000000 3 1 1 68
i1 0.000000 12.000000 4 1 1 68
i1 0.000000 12.000000 5 1 1 68
i1 0.000000 12.000000 6 1 1 68
i1 0.000000 12.000000 6 1 1 68
i1 0.000000 12.000000 7 1 1 68
i1 0.000000 12.000000 8 1 1 68
i1 0.000000 12.000000 8 1 1 68
i1 0.000000 12.000000 9 1 1 68
i1 0.000000 12.000000 10 1 1 68
i1 0.000000 12.000000 11 1 1 68
i1 0.000000 12.000000 11 1 1 68
i1 0.000000 12.000000 12 1 1 68
i1 0.000000 12.000000 13 1 1 68
i1 0.000000 12.000000 13 1 1 68
i1 0.000000 12.000000 14 1 1 68
i1 0.000000 12.000000 15 1 1 68
i1 0.000000 12.000000 16 1 1 68
i1 0.000000 12.000000 16 1 1 68
i1 0.000000 12.000000 17 1 1 68
i1 0.000000 12.000000 21 1 1 68
i1 0.000000 12.000000 22 1 1 68
i1 0.000000 12.000000 23 1 1 68
i1 0.000000 12.000000 30 1 1 68
i1 0.000000 12.000000 31 1 1 68
i1 0.000000 12.000000 31 1 1 68
i1 0.000000 12.000000 32 1 1 68
i1 0.000000 12.000000 33 1 1 68
i1 0.000000 12.000000 34 1 1 68
i1 0.000000 12.000000 34 1 1 68
i1 0.000000 12.000000 35 1 1 68
i1 0.000000 12.000000 4 1 1 70
i1 0.000000 12.000000 5 1 1 70
i1 0.000000 12.000000 6 1 1 70
i1 0.000000 12.000000 6 1 1 70
i1 0.000000 12.000000 7 1 1 70
i1 0.000000 12.000000 8 1 1 70
i1 0.000000 12.000000 8 1 1 70
i1 0.000000 12.000000 9 1 1 70
i1 0.000000 12.000000 10 1 1 70
i1 0.000000 12.000000 11 1 1 70
i1 0.000000 12.000000 11 1 1 70
i1 0.000000 12.000000 12 1 1 70
i1 0.000000 12.000000 13 1 1 70
i1 0.000000 12.000000 13 1 1 70
i1 0.000000 12.000000 14 1 1 70
i1 0.000000 12.000000 15 1 1 70
i1 0.000000 12.000000 16 1 1 70
i1 0.000000 12.000000 16 1 1 70
i1 0.000000 12.000000 17 1 1 70
i1 0.000000 12.000000 21 1 1 70
i1 0.000000 12.000000 22 1 1 70
i1 0.000000 12.000000 33 1 1 70
i1 0.000000 12.000000 34 1 1 70
i1 0.000000 12.000000 34 1 1 70
i1 0.000000 12.000000 35 1 1 70
i1 0.000000 12.000000 6 1 1 72
i1 0.000000 12.000000 7 1 1 72
i1 0.000000 12.000000 8 1 1 72
i1 0.000000 12.000000 8 1 1 72
i1 0.000000 12.000000 9 1 1 72
i1 0.000000 12.000000 10 1 1 72
i1 0.000000 12.000000 11 1 1 72
i1 0.000000 12.000000 11 1 1 72
i1 0.000000 12.000000 12 1 1 72
i1 0.000000 12.000000 13 1 1 72
i1 0.000000 12.000000 13 1 1 72
i1 0.000000 12.000000 14 1 1 72
i1 0.000000 12.000000 15 1 1 72
i1 0.000000 12.000000 16 1 1 72
i1 0.000000 12.000000 16 1 1 72
i1 0.000000 12.000000 17 1 1 72
i1 0.000000 12.000000 34 1 1 72
i1 0.000000 12.000000 34 1 1 72
i1 0.000000 12.000000 35 1 1 72
i1 0.000000 12.000000 7 1 1 74
i1 0.000000 12.000000 8 1 1 74
i1 0.000000 12.000000 8 1 1 74
i1 0.000000 12.000000 9 1 1 74
i1 0.000000 12.000000 10 1 1 74
i1 0.000000 12.000000 11 1 1 74
i1 0.000000 12.000000 11 1 1 74
i1 0.000000 12.000000 12 1 1 74
i1 0.000000 12.000000 13 1 1 74
i1 0.000000 12.000000 16 1 1 74
i1 0.000000 12.000000 16 1 1 74
i1 0.000000 12.000000 17 1 1 74
i1 0.000000 12.000000 34 1 1 74
i1 0.000000 12.000000 34 1 1 74
i1 0.000000 12.000000 35 1 1 74
i1 0.000000 12.000000 34 1 1 76
i1 0.000000 12.000000 34 1 1 76
i1 0.000000 12.000000 35 1 1 76
i1 0.000000 12.000000 34 1 1 78
i1 0.000000 12.000000 34 1 1 78
i1 0.000000 12.000000 13 1 1 94
i1 0.000000 12.000000 11 1 1 96
i1 0.000000 12.000000 12 1 1 96
i1 0.000000 12.000000 13 1 1 96
i1 0.000000 12.000000 13 1 1 96
i1 0.000000 12.000000 14 1 1 96
i1 0.000000 12.000000 9 1 1 98
i1 0.000000 12.000000 10 1 1 98
i1 0.000000 12.000000 11 1 1 98
i1 0.000000 12.000000 11 1 1 98
i1 0.000000 12.000000 12 1 1 98
i1 0.000000 12.000000 13 1 1 98
i1 0.000000 12.000000 13 1 1 98
i1 0.000000 12.000000 14 1 1 98
i1 0.000000 12.000000 8 1 1 100
i1 0.000000 12.000000 9 1 1 100
i1 0.000000 12.000000 10 1 1 100
i1 0.000000 12.000000 11 1 1 100
i1 0.000000 12.000000 11 1 1 100
i1 0.000000 12.000000 12 1 1 100
i1 0.000000 12.000000 13 1 1 100
i1 0.000000 12.000000 13 1 1 100
i1 0.000000 12.000000 14 1 1 100
i1 0.000000 12.000000 8 1 1 102
i1 0.000000 12.000000 8 1 1 102
i1 0.000000 12.000000 9 1 1 102
i1 0.000000 12.000000 10 1 1 102
i1 0.000000 12.000000 11 1 1 102
i1 0.000000 12.000000 11 1 1 102
i1 0.000000 12.000000 12 1 1 102
i1 0.000000 12.000000 13 1 1 102
i1 0.000000 12.000000 13 1 1 102
i1 0.000000 12.000000 7 1 1 104
i1 0.000000 12.000000 8 1 1 104
i1 0.000000 12.000000 8 1 1 104
i1 0.000000 12.000000 9 1 1 104
i1 0.000000 12.000000 10 1 1 104
i1 0.000000 12.000000 11 1 1 104
i1 0.000000 12.000000 11 1 1 104
i1 0.000000 12.000000 12 1 1 104
i1 0.000000 12.000000 13 1 1 104
i1 0.000000 12.000000 13 1 1 104
i1 0.000000 12.000000 16 1 1 104
i1 0.000000 12.000000 6 1 1 106
i1 0.000000 12.000000 7 1 1 106
i1 0.000000 12.000000 8 1 1 106
i1 0.000000 12.000000 8 1 1 106
i1 0.000000 12.000000 9 1 1 106
i1 0.000000 12.000000 10 1 1 106
i1 0.000000 12.000000 11 1 1 106
i1 0.000000 12.000000 11 1 1 106
i1 0.000000 12.000000 12 1 1 106
i1 0.000000 12.000000 13 1 1 106
i1 0.000000 12.000000 15 1 1 106
i1 0.000000 12.000000 16 1 1 106
i1 0.000000 12.000000 16 1 1 106
i1 0.000000 12.000000 6 1 1 108
i1 0.000000 12.000000 7 1 1 108
i1 0.000000 12.000000 8 1 1 108
i1 0.000000 12.000000 8 1 1 108
i1 0.000000 12.000000 9 1 1 108
i1 0.000000 12.000000 10 1 1 108
i1 0.000000 12.000000 11 1 1 108
i1 0.000000 12.000000 11 1 1 108
i1 0.000000 12.000000 12 1 1 108
i1 0.000000 12.000000 13 1 1 108
i1 0.000000 12.000000 15 1 1 108
i1 0.000000 12.000000 16 1 1 108
i1 0.000000 12.000000 6 1 1 110
i1 0.000000 12.000000 7 1 1 110
i1 0.000000 12.000000 8 1 1 110
i1 0.000000 12.000000 8 1 1 110
i1 0.000000 12.000000 9 1 1 110
i1 0.000000 12.000000 10 1 1 110
i1 0.000000 12.000000 11 1 1 110
i1 0.000000 12.000000 11 1 1 110
i1 0.000000 12.000000 12 1 1 110
i1 0.000000 12.000000 13 1 1 110
i1 0.000000 12.000000 13 1 1 110
i1 0.000000 12.000000 14 1 1 110
i1 0.000000 12.000000 15 1 1 110
i1 0.000000 12.000000 16 1 1 110
i1 0.000000 12.000000 3 1 1 112
i1 0.000000 12.000000 7 1 1 112
i1 0.000000 12.000000 8 1 1 112
i1 0.000000 12.000000 8 1 1 112
i1 0.000000 12.000000 9 1 1 112
i1 0.000000 12.000000 10 1 1 112
i1 0.000000 12.000000 11 1 1 112
i1 0.000000 12.000000 11 1 1 112
i1 0.000000 12.000000 12 1 1 112
i1 0.000000 12.000000 13 1 1 112
i1 0.000000 12.000000 13 1 1 112
i1 0.000000 12.000000 3 1 1 114
i1 0.000000 12.000000 8 1 1 114
i1 0.000000 12.000000 8 1 1 114
i1 0.000000 12.000000 9 1 1 114
i1 0.000000 12.000000 10 1 1 114
i1 0.000000 12.000000 11 1 1 114
i1 0.000000 12.000000 11 1 1 114
i1 0.000000 12.000000 12 1 1 114
i1 0.000000 12.000000 13 1 1 114
i1 0.000000 12.000000 13 1 1 114
i1 0.000000 12.000000 3 1 1 116
i1 0.000000 12.000000 8 1 1 116
i1 0.000000 12.000000 8 1 1 116
i1 0.000000 12.000000 9 1 1 116
i1 0.000000 12.000000 10 1 1 116
i1 0.000000 12.000000 11 1 1 116
i1 0.000000 12.000000 11 1 1 116
i1 0.000000 12.000000 12 1 1 116
i1 0.000000 12.000000 13 1 1 116
i1 0.000000 12.000000 4 1 1 118
i1 0.000000 12.000000 8 1 1 118
i1 0.000000 12.000000 8 1 1 118
i1 0.000000 12.000000 9 1 1 118
i1 0.000000 12.000000 10 1 1 118
i1 0.000000 12.000000 11 1 1 118
i1 0.000000 12.000000 11 1 1 118
i1 0.000000 12.000000 8 1 1 120
i1 0.000000 12.000000 8 1 1 120
i1 0.000000 12.000000 9 1 1 120
i1 0.000000 12.000000 10 1 1 120
i1 0.000000 12.000000 11 1 1 120
i1 0.000000 12.000000 11 1 1 120
i1 0.000000 12.000000 8 1 1 122
i1 0.000000 12.000000 8 1 1 122
i1 0.000000 12.000000 9 1 1 122
i1 0.000000 12.000000 10 1 1 122
i1 0.000000 12.000000 11 1 1 122
i1 0.000000 12.000000 11 1 1 122
i1 0.000000 12.000000 8 1 1 124
i1 0.000000 12.000000 9 1 1 124
i1 0.000000 12.000000 10 1 1 124
i1 0.000000 12.000000 11 1 1 124

</CsScore>
</CsoundSynthesizer>
