; James Keary - FROM THE HEADER FILE!
; General Midi Testing File - Write out Midi files for loading into a DAW, 
; can open output midi file (located in your username file) in Sibelius, 
; Finale, and Logic.  If opening in Finale, make sure to check the box 
; \"Channels Become Staves\" under import midi file options, so that the 
; channels will be split into different instruments. 
<CsoundSynthesizer>
<CsOptions>
-t60 -g -d -m0 -n
; -m0 suppresses f-tables displaying in terminal, --nosound no sound files 
; written, just a midi file written to your username file. 
</CsOptions>
<CsInstruments>

sr		=	44100
ksmps	=	100
nchnls	=	2
0dbfs	= 	1

#include "../CsoundFiles/Chromatic.txt"
;
#include "../CsoundFiles/MIDI.txt"
;
giVelocities ftgen 0, 0, -8, -2, 87, 88, 89, 90, 91, 92, 93, 94

$MIDI(1)
$MIDI(2)
$MIDI(3)
$MIDI(4)

</CsInstruments>
<CsScore>
; p1 - instrument, p2 - start time, p3 - duration, p4 - note index, p5 - velocity, p6 - channel number p7 - pan (btwn 0 and 127, where 64 is dead center, 0 is hard left and 127 is hard right)
i1 0.000000 12.000000 28 1 1 5
i1 0.000000 12.000000 29 1 1 7
i1 0.000000 12.000000 30 1 1 7
i1 0.000000 12.000000 29 1 1 10
i1 0.000000 12.000000 30 1 1 10
i1 0.000000 12.000000 31 1 1 10
i1 0.000000 12.000000 30 1 1 12
i1 0.000000 12.000000 31 1 1 12
i1 0.000000 12.000000 31 1 1 12
i1 0.000000 12.000000 30 1 1 15
i1 0.000000 12.000000 31 1 1 15
i1 0.000000 12.000000 31 1 1 15
i1 0.000000 12.000000 30 1 1 17
i1 0.000000 12.000000 31 1 1 17
i1 0.000000 12.000000 31 1 1 17
i1 0.000000 12.000000 32 1 1 17
i1 0.000000 12.000000 30 1 1 20
i1 0.000000 12.000000 31 1 1 20
i1 0.000000 12.000000 31 1 1 20
i1 0.000000 12.000000 32 1 1 20
i1 0.000000 12.000000 33 1 1 20
i1 0.000000 12.000000 30 1 1 22
i1 0.000000 12.000000 31 1 1 22
i1 0.000000 12.000000 31 1 1 22
i1 0.000000 12.000000 32 1 1 22
i1 0.000000 12.000000 33 1 1 22
i1 0.000000 12.000000 33 1 1 22
i1 0.000000 12.000000 30 1 1 25
i1 0.000000 12.000000 31 1 1 25
i1 0.000000 12.000000 31 1 1 25
i1 0.000000 12.000000 32 1 1 25
i1 0.000000 12.000000 33 1 1 25
i1 0.000000 12.000000 33 1 1 25
i1 0.000000 12.000000 34 1 1 25
i1 0.000000 12.000000 20 1 1 27
i1 0.000000 12.000000 21 1 1 27
i1 0.000000 12.000000 22 1 1 27
i1 0.000000 12.000000 22 1 1 27
i1 0.000000 12.000000 23 1 1 27
i1 0.000000 12.000000 24 1 1 27
i1 0.000000 12.000000 24 1 1 27
i1 0.000000 12.000000 25 1 1 27
i1 0.000000 12.000000 30 1 1 27
i1 0.000000 12.000000 31 1 1 27
i1 0.000000 12.000000 31 1 1 27
i1 0.000000 12.000000 32 1 1 27
i1 0.000000 12.000000 33 1 1 27
i1 0.000000 12.000000 33 1 1 27
i1 0.000000 12.000000 34 1 1 27
i1 0.000000 12.000000 35 1 1 27
i1 0.000000 12.000000 18 1 1 30
i1 0.000000 12.000000 19 1 1 30
i1 0.000000 12.000000 19 1 1 30
i1 0.000000 12.000000 20 1 1 30
i1 0.000000 12.000000 20 1 1 30
i1 0.000000 12.000000 21 1 1 30
i1 0.000000 12.000000 22 1 1 30
i1 0.000000 12.000000 22 1 1 30
i1 0.000000 12.000000 23 1 1 30
i1 0.000000 12.000000 24 1 1 30
i1 0.000000 12.000000 24 1 1 30
i1 0.000000 12.000000 25 1 1 30
i1 0.000000 12.000000 26 1 1 30
i1 0.000000 12.000000 26 1 1 30
i1 0.000000 12.000000 27 1 1 30
i1 0.000000 12.000000 28 1 1 30
i1 0.000000 12.000000 31 1 1 30
i1 0.000000 12.000000 31 1 1 30
i1 0.000000 12.000000 32 1 1 30
i1 0.000000 12.000000 33 1 1 30
i1 0.000000 12.000000 33 1 1 30
i1 0.000000 12.000000 34 1 1 30
i1 0.000000 12.000000 35 1 1 30
i1 0.000000 12.000000 17 1 1 32
i1 0.000000 12.000000 18 1 1 32
i1 0.000000 12.000000 19 1 1 32
i1 0.000000 12.000000 19 1 1 32
i1 0.000000 12.000000 20 1 1 32
i1 0.000000 12.000000 20 1 1 32
i1 0.000000 12.000000 21 1 1 32
i1 0.000000 12.000000 22 1 1 32
i1 0.000000 12.000000 22 1 1 32
i1 0.000000 12.000000 23 1 1 32
i1 0.000000 12.000000 24 1 1 32
i1 0.000000 12.000000 24 1 1 32
i1 0.000000 12.000000 25 1 1 32
i1 0.000000 12.000000 26 1 1 32
i1 0.000000 12.000000 26 1 1 32
i1 0.000000 12.000000 27 1 1 32
i1 0.000000 12.000000 28 1 1 32
i1 0.000000 12.000000 31 1 1 32
i1 0.000000 12.000000 32 1 1 32
i1 0.000000 12.000000 33 1 1 32
i1 0.000000 12.000000 33 1 1 32
i1 0.000000 12.000000 34 1 1 32
i1 0.000000 12.000000 35 1 1 32
i1 0.000000 12.000000 35 1 1 32
i1 0.000000 12.000000 17 1 1 35
i1 0.000000 12.000000 17 1 1 35
i1 0.000000 12.000000 18 1 1 35
i1 0.000000 12.000000 19 1 1 35
i1 0.000000 12.000000 19 1 1 35
i1 0.000000 12.000000 20 1 1 35
i1 0.000000 12.000000 20 1 1 35
i1 0.000000 12.000000 21 1 1 35
i1 0.000000 12.000000 22 1 1 35
i1 0.000000 12.000000 22 1 1 35
i1 0.000000 12.000000 23 1 1 35
i1 0.000000 12.000000 24 1 1 35
i1 0.000000 12.000000 24 1 1 35
i1 0.000000 12.000000 25 1 1 35
i1 0.000000 12.000000 26 1 1 35
i1 0.000000 12.000000 26 1 1 35
i1 0.000000 12.000000 27 1 1 35
i1 0.000000 12.000000 28 1 1 35
i1 0.000000 12.000000 33 1 1 35
i1 0.000000 12.000000 33 1 1 35
i1 0.000000 12.000000 34 1 1 35
i1 0.000000 12.000000 35 1 1 35
i1 0.000000 12.000000 35 1 1 35
i1 0.000000 12.000000 36 1 1 35
i1 0.000000 12.000000 17 1 1 37
i1 0.000000 12.000000 17 1 1 37
i1 0.000000 12.000000 18 1 1 37
i1 0.000000 12.000000 19 1 1 37
i1 0.000000 12.000000 19 1 1 37
i1 0.000000 12.000000 20 1 1 37
i1 0.000000 12.000000 20 1 1 37
i1 0.000000 12.000000 21 1 1 37
i1 0.000000 12.000000 22 1 1 37
i1 0.000000 12.000000 22 1 1 37
i1 0.000000 12.000000 23 1 1 37
i1 0.000000 12.000000 26 1 1 37
i1 0.000000 12.000000 26 1 1 37
i1 0.000000 12.000000 27 1 1 37
i1 0.000000 12.000000 33 1 1 37
i1 0.000000 12.000000 34 1 1 37
i1 0.000000 12.000000 35 1 1 37
i1 0.000000 12.000000 35 1 1 37
i1 0.000000 12.000000 36 1 1 37
i1 0.000000 12.000000 17 1 1 40
i1 0.000000 12.000000 17 1 1 40
i1 0.000000 12.000000 18 1 1 40
i1 0.000000 12.000000 19 1 1 40
i1 0.000000 12.000000 19 1 1 40
i1 0.000000 12.000000 20 1 1 40
i1 0.000000 12.000000 20 1 1 40
i1 0.000000 12.000000 21 1 1 40
i1 0.000000 12.000000 22 1 1 40
i1 0.000000 12.000000 22 1 1 40
i1 0.000000 12.000000 23 1 1 40
i1 0.000000 12.000000 24 1 1 40
i1 0.000000 12.000000 24 1 1 40
i1 0.000000 12.000000 33 1 1 40
i1 0.000000 12.000000 34 1 1 40
i1 0.000000 12.000000 35 1 1 40
i1 0.000000 12.000000 35 1 1 40
i1 0.000000 12.000000 36 1 1 40
i1 0.000000 12.000000 17 1 1 42
i1 0.000000 12.000000 17 1 1 42
i1 0.000000 12.000000 18 1 1 42
i1 0.000000 12.000000 19 1 1 42
i1 0.000000 12.000000 19 1 1 42
i1 0.000000 12.000000 20 1 1 42
i1 0.000000 12.000000 20 1 1 42
i1 0.000000 12.000000 21 1 1 42
i1 0.000000 12.000000 22 1 1 42
i1 0.000000 12.000000 22 1 1 42
i1 0.000000 12.000000 23 1 1 42
i1 0.000000 12.000000 24 1 1 42
i1 0.000000 12.000000 24 1 1 42
i1 0.000000 12.000000 25 1 1 42
i1 0.000000 12.000000 26 1 1 42
i1 0.000000 12.000000 31 1 1 42
i1 0.000000 12.000000 31 1 1 42
i1 0.000000 12.000000 32 1 1 42
i1 0.000000 12.000000 33 1 1 42
i1 0.000000 12.000000 33 1 1 42
i1 0.000000 12.000000 34 1 1 42
i1 0.000000 12.000000 35 1 1 42
i1 0.000000 12.000000 35 1 1 42
i1 0.000000 12.000000 36 1 1 42
i1 0.000000 12.000000 17 1 1 45
i1 0.000000 12.000000 17 1 1 45
i1 0.000000 12.000000 18 1 1 45
i1 0.000000 12.000000 19 1 1 45
i1 0.000000 12.000000 19 1 1 45
i1 0.000000 12.000000 20 1 1 45
i1 0.000000 12.000000 20 1 1 45
i1 0.000000 12.000000 21 1 1 45
i1 0.000000 12.000000 22 1 1 45
i1 0.000000 12.000000 22 1 1 45
i1 0.000000 12.000000 23 1 1 45
i1 0.000000 12.000000 24 1 1 45
i1 0.000000 12.000000 24 1 1 45
i1 0.000000 12.000000 25 1 1 45
i1 0.000000 12.000000 26 1 1 45
i1 0.000000 12.000000 26 1 1 45
i1 0.000000 12.000000 29 1 1 45
i1 0.000000 12.000000 30 1 1 45
i1 0.000000 12.000000 31 1 1 45
i1 0.000000 12.000000 31 1 1 45
i1 0.000000 12.000000 32 1 1 45
i1 0.000000 12.000000 33 1 1 45
i1 0.000000 12.000000 33 1 1 45
i1 0.000000 12.000000 34 1 1 45
i1 0.000000 12.000000 35 1 1 45
i1 0.000000 12.000000 35 1 1 45
i1 0.000000 12.000000 36 1 1 45
i1 0.000000 12.000000 17 1 1 47
i1 0.000000 12.000000 17 1 1 47
i1 0.000000 12.000000 18 1 1 47
i1 0.000000 12.000000 19 1 1 47
i1 0.000000 12.000000 19 1 1 47
i1 0.000000 12.000000 20 1 1 47
i1 0.000000 12.000000 20 1 1 47
i1 0.000000 12.000000 21 1 1 47
i1 0.000000 12.000000 22 1 1 47
i1 0.000000 12.000000 22 1 1 47
i1 0.000000 12.000000 23 1 1 47
i1 0.000000 12.000000 24 1 1 47
i1 0.000000 12.000000 24 1 1 47
i1 0.000000 12.000000 25 1 1 47
i1 0.000000 12.000000 26 1 1 47
i1 0.000000 12.000000 26 1 1 47
i1 0.000000 12.000000 27 1 1 47
i1 0.000000 12.000000 28 1 1 47
i1 0.000000 12.000000 28 1 1 47
i1 0.000000 12.000000 29 1 1 47
i1 0.000000 12.000000 29 1 1 47
i1 0.000000 12.000000 30 1 1 47
i1 0.000000 12.000000 31 1 1 47
i1 0.000000 12.000000 31 1 1 47
i1 0.000000 12.000000 32 1 1 47
i1 0.000000 12.000000 33 1 1 47
i1 0.000000 12.000000 33 1 1 47
i1 0.000000 12.000000 34 1 1 47
i1 0.000000 12.000000 35 1 1 47
i1 0.000000 12.000000 35 1 1 47
i1 0.000000 12.000000 16 1 1 50
i1 0.000000 12.000000 17 1 1 50
i1 0.000000 12.000000 17 1 1 50
i1 0.000000 12.000000 18 1 1 50
i1 0.000000 12.000000 19 1 1 50
i1 0.000000 12.000000 19 1 1 50
i1 0.000000 12.000000 20 1 1 50
i1 0.000000 12.000000 20 1 1 50
i1 0.000000 12.000000 21 1 1 50
i1 0.000000 12.000000 22 1 1 50
i1 0.000000 12.000000 22 1 1 50
i1 0.000000 12.000000 23 1 1 50
i1 0.000000 12.000000 24 1 1 50
i1 0.000000 12.000000 24 1 1 50
i1 0.000000 12.000000 25 1 1 50
i1 0.000000 12.000000 26 1 1 50
i1 0.000000 12.000000 26 1 1 50
i1 0.000000 12.000000 27 1 1 50
i1 0.000000 12.000000 28 1 1 50
i1 0.000000 12.000000 28 1 1 50
i1 0.000000 12.000000 29 1 1 50
i1 0.000000 12.000000 29 1 1 50
i1 0.000000 12.000000 30 1 1 50
i2 0.000000 12.000000 31 1 2 50
i2 0.000000 12.000000 31 1 2 50
i1 0.000000 12.000000 32 1 1 50
i1 0.000000 12.000000 33 1 1 50
i1 0.000000 12.000000 33 1 1 50
i1 0.000000 12.000000 34 1 1 50
i1 0.000000 12.000000 35 1 1 50
i1 0.000000 12.000000 35 1 1 50
i1 0.000000 12.000000 16 1 1 52
i1 0.000000 12.000000 17 1 1 52
i1 0.000000 12.000000 17 1 1 52
i1 0.000000 12.000000 18 1 1 52
i1 0.000000 12.000000 19 1 1 52
i1 0.000000 12.000000 19 1 1 52
i1 0.000000 12.000000 20 1 1 52
i1 0.000000 12.000000 24 1 1 52
i1 0.000000 12.000000 25 1 1 52
i1 0.000000 12.000000 26 1 1 52
i1 0.000000 12.000000 26 1 1 52
i1 0.000000 12.000000 27 1 1 52
i1 0.000000 12.000000 28 1 1 52
i1 0.000000 12.000000 28 1 1 52
i1 0.000000 12.000000 29 1 1 52
i2 0.000000 12.000000 29 1 2 52
i2 0.000000 12.000000 30 1 2 52
i2 0.000000 12.000000 31 1 2 52
i2 0.000000 12.000000 31 1 2 52
i2 0.000000 12.000000 32 1 2 52
i1 0.000000 12.000000 33 1 1 52
i1 0.000000 12.000000 33 1 1 52
i1 0.000000 12.000000 34 1 1 52
i1 0.000000 12.000000 35 1 1 52
i1 0.000000 12.000000 16 1 1 55
i1 0.000000 12.000000 17 1 1 55
i1 0.000000 12.000000 17 1 1 55
i1 0.000000 12.000000 18 1 1 55
i1 0.000000 12.000000 19 1 1 55
i1 0.000000 12.000000 19 1 1 55
i1 0.000000 12.000000 20 1 1 55
i1 0.000000 12.000000 24 1 1 55
i1 0.000000 12.000000 25 1 1 55
i1 0.000000 12.000000 26 1 1 55
i1 0.000000 12.000000 26 1 1 55
i1 0.000000 12.000000 27 1 1 55
i1 0.000000 12.000000 28 1 1 55
i2 0.000000 12.000000 28 1 2 55
i2 0.000000 12.000000 29 1 2 55
i2 0.000000 12.000000 29 1 2 55
i2 0.000000 12.000000 30 1 2 55
i2 0.000000 12.000000 31 1 2 55
i2 0.000000 12.000000 31 1 2 55
i2 0.000000 12.000000 32 1 2 55
i2 0.000000 12.000000 33 1 2 55
i1 0.000000 12.000000 33 1 1 55
i1 0.000000 12.000000 34 1 1 55
i1 0.000000 12.000000 35 1 1 55
i1 0.000000 12.000000 16 1 1 57
i1 0.000000 12.000000 17 1 1 57
i1 0.000000 12.000000 17 1 1 57
i1 0.000000 12.000000 18 1 1 57
i1 0.000000 12.000000 19 1 1 57
i1 0.000000 12.000000 19 1 1 57
i1 0.000000 12.000000 20 1 1 57
i1 0.000000 12.000000 20 1 1 57
i1 0.000000 12.000000 24 1 1 57
i1 0.000000 12.000000 25 1 1 57
i1 0.000000 12.000000 26 1 1 57
i1 0.000000 12.000000 26 1 1 57
i2 0.000000 12.000000 27 1 2 57
i2 0.000000 12.000000 28 1 2 57
i2 0.000000 12.000000 28 1 2 57
i2 0.000000 12.000000 29 1 2 57
i2 0.000000 12.000000 29 1 2 57
i2 0.000000 12.000000 30 1 2 57
i2 0.000000 12.000000 31 1 2 57
i2 0.000000 12.000000 31 1 2 57
i2 0.000000 12.000000 32 1 2 57
i2 0.000000 12.000000 33 1 2 57
i1 0.000000 12.000000 33 1 1 57
i1 0.000000 12.000000 34 1 1 57
i1 0.000000 12.000000 35 1 1 57
i1 0.000000 12.000000 17 1 1 60
i1 0.000000 12.000000 17 1 1 60
i1 0.000000 12.000000 18 1 1 60
i1 0.000000 12.000000 19 1 1 60
i1 0.000000 12.000000 19 1 1 60
i1 0.000000 12.000000 20 1 1 60
i1 0.000000 12.000000 20 1 1 60
i1 0.000000 12.000000 24 1 1 60
i1 0.000000 12.000000 25 1 1 60
i1 0.000000 12.000000 26 1 1 60
i1 0.000000 12.000000 26 1 1 60
i2 0.000000 12.000000 27 1 2 60
i2 0.000000 12.000000 28 1 2 60
i2 0.000000 12.000000 28 1 2 60
i2 0.000000 12.000000 29 1 2 60
i2 0.000000 12.000000 29 1 2 60
i2 0.000000 12.000000 30 1 2 60
i2 0.000000 12.000000 31 1 2 60
i2 0.000000 12.000000 31 1 2 60
i2 0.000000 12.000000 32 1 2 60
i2 0.000000 12.000000 33 1 2 60
i1 0.000000 12.000000 33 1 1 60
i1 0.000000 12.000000 34 1 1 60
i1 0.000000 12.000000 17 1 1 62
i1 0.000000 12.000000 17 1 1 62
i1 0.000000 12.000000 18 1 1 62
i1 0.000000 12.000000 19 1 1 62
i1 0.000000 12.000000 19 1 1 62
i1 0.000000 12.000000 20 1 1 62
i1 0.000000 12.000000 20 1 1 62
i1 0.000000 12.000000 25 1 1 62
i1 0.000000 12.000000 26 1 1 62
i1 0.000000 12.000000 26 1 1 62
i2 0.000000 12.000000 27 1 2 62
i2 0.000000 12.000000 28 1 2 62
i2 0.000000 12.000000 28 1 2 62
i2 0.000000 12.000000 29 1 2 62
i2 0.000000 12.000000 29 1 2 62
i2 0.000000 12.000000 30 1 2 62
i2 0.000000 12.000000 31 1 2 62
i2 0.000000 12.000000 31 1 2 62
i2 0.000000 12.000000 32 1 2 62
i1 0.000000 12.000000 33 1 1 62
i1 0.000000 12.000000 33 1 1 62
i1 0.000000 12.000000 34 1 1 62
i1 0.000000 12.000000 35 1 1 62
i1 0.000000 12.000000 17 1 1 65
i1 0.000000 12.000000 17 1 1 65
i1 0.000000 12.000000 18 1 1 65
i1 0.000000 12.000000 19 1 1 65
i1 0.000000 12.000000 19 1 1 65
i1 0.000000 12.000000 20 1 1 65
i1 0.000000 12.000000 20 1 1 65
i1 0.000000 12.000000 25 1 1 65
i1 0.000000 12.000000 26 1 1 65
i1 0.000000 12.000000 26 1 1 65
i2 0.000000 12.000000 27 1 2 65
i2 0.000000 12.000000 28 1 2 65
i2 0.000000 12.000000 28 1 2 65
i2 0.000000 12.000000 29 1 2 65
i2 0.000000 12.000000 29 1 2 65
i2 0.000000 12.000000 30 1 2 65
i2 0.000000 12.000000 31 1 2 65
i2 0.000000 12.000000 31 1 2 65
i1 0.000000 12.000000 32 1 1 65
i1 0.000000 12.000000 33 1 1 65
i1 0.000000 12.000000 33 1 1 65
i1 0.000000 12.000000 34 1 1 65
i1 0.000000 12.000000 35 1 1 65
i1 0.000000 12.000000 35 1 1 65
i1 0.000000 12.000000 17 1 1 67
i1 0.000000 12.000000 17 1 1 67
i1 0.000000 12.000000 18 1 1 67
i1 0.000000 12.000000 19 1 1 67
i1 0.000000 12.000000 19 1 1 67
i1 0.000000 12.000000 20 1 1 67
i1 0.000000 12.000000 24 1 1 67
i1 0.000000 12.000000 25 1 1 67
i1 0.000000 12.000000 26 1 1 67
i1 0.000000 12.000000 26 1 1 67
i2 0.000000 12.000000 27 1 2 67
i2 0.000000 12.000000 28 1 2 67
i2 0.000000 12.000000 28 1 2 67
i2 0.000000 12.000000 29 1 2 67
i2 0.000000 12.000000 29 1 2 67
i2 0.000000 12.000000 30 1 2 67
i2 0.000000 12.000000 31 1 2 67
i2 0.000000 12.000000 31 1 2 67
i2 0.000000 12.000000 32 1 2 67
i1 0.000000 12.000000 33 1 1 67
i1 0.000000 12.000000 33 1 1 67
i1 0.000000 12.000000 34 1 1 67
i1 0.000000 12.000000 35 1 1 67
i1 0.000000 12.000000 35 1 1 67
i1 0.000000 12.000000 16 1 1 70
i1 0.000000 12.000000 17 1 1 70
i1 0.000000 12.000000 17 1 1 70
i1 0.000000 12.000000 18 1 1 70
i1 0.000000 12.000000 19 1 1 70
i1 0.000000 12.000000 19 1 1 70
i1 0.000000 12.000000 20 1 1 70
i1 0.000000 12.000000 24 1 1 70
i1 0.000000 12.000000 24 1 1 70
i1 0.000000 12.000000 25 1 1 70
i1 0.000000 12.000000 26 1 1 70
i2 0.000000 12.000000 26 1 2 70
i2 0.000000 12.000000 27 1 2 70
i2 0.000000 12.000000 28 1 2 70
i3 0.000000 12.000000 28 1 3 70
i3 0.000000 12.000000 29 1 3 70
i3 0.000000 12.000000 29 1 3 70
i2 0.000000 12.000000 30 1 2 70
i2 0.000000 12.000000 31 1 2 70
i2 0.000000 12.000000 31 1 2 70
i1 0.000000 12.000000 32 1 1 70
i1 0.000000 12.000000 33 1 1 70
i1 0.000000 12.000000 33 1 1 70
i1 0.000000 12.000000 34 1 1 70
i1 0.000000 12.000000 35 1 1 70
i1 0.000000 12.000000 35 1 1 70
i1 0.000000 12.000000 16 1 1 72
i1 0.000000 12.000000 17 1 1 72
i1 0.000000 12.000000 17 1 1 72
i1 0.000000 12.000000 18 1 1 72
i1 0.000000 12.000000 19 1 1 72
i1 0.000000 12.000000 19 1 1 72
i1 0.000000 12.000000 20 1 1 72
i1 0.000000 12.000000 22 1 1 72
i1 0.000000 12.000000 23 1 1 72
i1 0.000000 12.000000 24 1 1 72
i1 0.000000 12.000000 24 1 1 72
i1 0.000000 12.000000 25 1 1 72
i2 0.000000 12.000000 26 1 2 72
i2 0.000000 12.000000 26 1 2 72
i2 0.000000 12.000000 27 1 2 72
i2 0.000000 12.000000 28 1 2 72
i3 0.000000 12.000000 28 1 3 72
i3 0.000000 12.000000 29 1 3 72
i3 0.000000 12.000000 29 1 3 72
i2 0.000000 12.000000 30 1 2 72
i2 0.000000 12.000000 31 1 2 72
i1 0.000000 12.000000 31 1 1 72
i1 0.000000 12.000000 32 1 1 72
i1 0.000000 12.000000 33 1 1 72
i1 0.000000 12.000000 33 1 1 72
i1 0.000000 12.000000 34 1 1 72
i1 0.000000 12.000000 35 1 1 72
i1 0.000000 12.000000 35 1 1 72
i1 0.000000 12.000000 16 1 1 75
i1 0.000000 12.000000 17 1 1 75
i1 0.000000 12.000000 17 1 1 75
i1 0.000000 12.000000 18 1 1 75
i1 0.000000 12.000000 19 1 1 75
i1 0.000000 12.000000 19 1 1 75
i1 0.000000 12.000000 20 1 1 75
i1 0.000000 12.000000 20 1 1 75
i1 0.000000 12.000000 21 1 1 75
i1 0.000000 12.000000 22 1 1 75
i1 0.000000 12.000000 22 1 1 75
i1 0.000000 12.000000 23 1 1 75
i1 0.000000 12.000000 24 1 1 75
i1 0.000000 12.000000 24 1 1 75
i2 0.000000 12.000000 25 1 2 75
i2 0.000000 12.000000 26 1 2 75
i2 0.000000 12.000000 26 1 2 75
i2 0.000000 12.000000 27 1 2 75
i2 0.000000 12.000000 28 1 2 75
i2 0.000000 12.000000 28 1 2 75
i2 0.000000 12.000000 29 1 2 75
i2 0.000000 12.000000 29 1 2 75
i2 0.000000 12.000000 30 1 2 75
i1 0.000000 12.000000 31 1 1 75
i1 0.000000 12.000000 31 1 1 75
i1 0.000000 12.000000 32 1 1 75
i1 0.000000 12.000000 33 1 1 75
i1 0.000000 12.000000 33 1 1 75
i1 0.000000 12.000000 34 1 1 75
i1 0.000000 12.000000 35 1 1 75
i1 0.000000 12.000000 35 1 1 75
i1 0.000000 12.000000 15 1 1 77
i1 0.000000 12.000000 16 1 1 77
i1 0.000000 12.000000 17 1 1 77
i1 0.000000 12.000000 17 1 1 77
i1 0.000000 12.000000 18 1 1 77
i1 0.000000 12.000000 19 1 1 77
i1 0.000000 12.000000 19 1 1 77
i1 0.000000 12.000000 20 1 1 77
i1 0.000000 12.000000 20 1 1 77
i1 0.000000 12.000000 21 1 1 77
i1 0.000000 12.000000 22 1 1 77
i1 0.000000 12.000000 22 1 1 77
i1 0.000000 12.000000 23 1 1 77
i1 0.000000 12.000000 24 1 1 77
i2 0.000000 12.000000 24 1 2 77
i2 0.000000 12.000000 25 1 2 77
i2 0.000000 12.000000 26 1 2 77
i1 0.000000 12.000000 26 1 1 77
i1 0.000000 12.000000 27 1 1 77
i2 0.000000 12.000000 28 1 2 77
i2 0.000000 12.000000 28 1 2 77
i2 0.000000 12.000000 29 1 2 77
i2 0.000000 12.000000 29 1 2 77
i1 0.000000 12.000000 30 1 1 77
i1 0.000000 12.000000 31 1 1 77
i1 0.000000 12.000000 31 1 1 77
i1 0.000000 12.000000 32 1 1 77
i1 0.000000 12.000000 33 1 1 77
i1 0.000000 12.000000 34 1 1 77
i1 0.000000 12.000000 35 1 1 77
i1 0.000000 12.000000 35 1 1 77
i1 0.000000 12.000000 15 1 1 80
i1 0.000000 12.000000 15 1 1 80
i1 0.000000 12.000000 16 1 1 80
i1 0.000000 12.000000 17 1 1 80
i1 0.000000 12.000000 17 1 1 80
i1 0.000000 12.000000 18 1 1 80
i1 0.000000 12.000000 19 1 1 80
i1 0.000000 12.000000 19 1 1 80
i1 0.000000 12.000000 20 1 1 80
i1 0.000000 12.000000 20 1 1 80
i1 0.000000 12.000000 21 1 1 80
i1 0.000000 12.000000 22 1 1 80
i1 0.000000 12.000000 22 1 1 80
i1 0.000000 12.000000 23 1 1 80
i1 0.000000 12.000000 24 1 1 80
i1 0.000000 12.000000 24 1 1 80
i1 0.000000 12.000000 25 1 1 80
i1 0.000000 12.000000 26 1 1 80
i1 0.000000 12.000000 26 1 1 80
i1 0.000000 12.000000 27 1 1 80
i1 0.000000 12.000000 28 1 1 80
i1 0.000000 12.000000 28 1 1 80
i1 0.000000 12.000000 29 1 1 80
i1 0.000000 12.000000 29 1 1 80
i1 0.000000 12.000000 30 1 1 80
i1 0.000000 12.000000 31 1 1 80
i1 0.000000 12.000000 34 1 1 80
i1 0.000000 12.000000 35 1 1 80
i1 0.000000 12.000000 35 1 1 80
i1 0.000000 12.000000 14 1 1 82
i1 0.000000 12.000000 15 1 1 82
i1 0.000000 12.000000 15 1 1 82
i1 0.000000 12.000000 16 1 1 82
i1 0.000000 12.000000 17 1 1 82
i1 0.000000 12.000000 17 1 1 82
i1 0.000000 12.000000 18 1 1 82
i1 0.000000 12.000000 19 1 1 82
i1 0.000000 12.000000 19 1 1 82
i1 0.000000 12.000000 20 1 1 82
i1 0.000000 12.000000 20 1 1 82
i1 0.000000 12.000000 21 1 1 82
i1 0.000000 12.000000 22 1 1 82
i1 0.000000 12.000000 22 1 1 82
i1 0.000000 12.000000 23 1 1 82
i1 0.000000 12.000000 24 1 1 82
i1 0.000000 12.000000 24 1 1 82
i1 0.000000 12.000000 25 1 1 82
i1 0.000000 12.000000 26 1 1 82
i1 0.000000 12.000000 26 1 1 82
i1 0.000000 12.000000 28 1 1 82
i1 0.000000 12.000000 28 1 1 82
i1 0.000000 12.000000 29 1 1 82
i1 0.000000 12.000000 34 1 1 82
i1 0.000000 12.000000 35 1 1 82
i1 0.000000 12.000000 35 1 1 82
i1 0.000000 12.000000 14 1 1 85
i1 0.000000 12.000000 15 1 1 85
i1 0.000000 12.000000 15 1 1 85
i1 0.000000 12.000000 16 1 1 85
i1 0.000000 12.000000 17 1 1 85
i1 0.000000 12.000000 17 1 1 85
i1 0.000000 12.000000 18 1 1 85
i1 0.000000 12.000000 19 1 1 85
i1 0.000000 12.000000 19 1 1 85
i1 0.000000 12.000000 20 1 1 85
i1 0.000000 12.000000 20 1 1 85
i1 0.000000 12.000000 21 1 1 85
i1 0.000000 12.000000 22 1 1 85
i1 0.000000 12.000000 22 1 1 85
i1 0.000000 12.000000 23 1 1 85
i1 0.000000 12.000000 24 1 1 85
i1 0.000000 12.000000 24 1 1 85
i1 0.000000 12.000000 25 1 1 85
i1 0.000000 12.000000 33 1 1 85
i1 0.000000 12.000000 34 1 1 85
i1 0.000000 12.000000 35 1 1 85
i1 0.000000 12.000000 35 1 1 85
i1 0.000000 12.000000 18 1 1 87
i1 0.000000 12.000000 19 1 1 87
i1 0.000000 12.000000 19 1 1 87
i1 0.000000 12.000000 20 1 1 87
i1 0.000000 12.000000 20 1 1 87
i1 0.000000 12.000000 21 1 1 87
i1 0.000000 12.000000 22 1 1 87
i1 0.000000 12.000000 22 1 1 87
i1 0.000000 12.000000 23 1 1 87
i1 0.000000 12.000000 24 1 1 87
i1 0.000000 12.000000 24 1 1 87
i1 0.000000 12.000000 33 1 1 87
i1 0.000000 12.000000 33 1 1 87
i1 0.000000 12.000000 34 1 1 87
i1 0.000000 12.000000 35 1 1 87
i1 0.000000 12.000000 35 1 1 87
i1 0.000000 12.000000 18 1 1 90
i1 0.000000 12.000000 19 1 1 90
i1 0.000000 12.000000 19 1 1 90
i1 0.000000 12.000000 20 1 1 90
i1 0.000000 12.000000 20 1 1 90
i1 0.000000 12.000000 21 1 1 90
i1 0.000000 12.000000 22 1 1 90
i1 0.000000 12.000000 22 1 1 90
i1 0.000000 12.000000 23 1 1 90
i1 0.000000 12.000000 24 1 1 90
i1 0.000000 12.000000 24 1 1 90
i1 0.000000 12.000000 32 1 1 90
i1 0.000000 12.000000 33 1 1 90
i1 0.000000 12.000000 33 1 1 90
i1 0.000000 12.000000 34 1 1 90
i1 0.000000 12.000000 35 1 1 90
i1 0.000000 12.000000 17 1 1 92
i1 0.000000 12.000000 18 1 1 92
i1 0.000000 12.000000 19 1 1 92
i1 0.000000 12.000000 19 1 1 92
i1 0.000000 12.000000 20 1 1 92
i1 0.000000 12.000000 20 1 1 92
i1 0.000000 12.000000 21 1 1 92
i1 0.000000 12.000000 22 1 1 92
i1 0.000000 12.000000 22 1 1 92
i1 0.000000 12.000000 23 1 1 92
i1 0.000000 12.000000 24 1 1 92
i1 0.000000 12.000000 24 1 1 92
i1 0.000000 12.000000 25 1 1 92
i1 0.000000 12.000000 26 1 1 92
i1 0.000000 12.000000 26 1 1 92
i1 0.000000 12.000000 27 1 1 92
i1 0.000000 12.000000 28 1 1 92
i1 0.000000 12.000000 32 1 1 92
i1 0.000000 12.000000 33 1 1 92
i1 0.000000 12.000000 33 1 1 92
i1 0.000000 12.000000 34 1 1 92
i1 0.000000 12.000000 35 1 1 92
i1 0.000000 12.000000 17 1 1 95
i1 0.000000 12.000000 17 1 1 95
i1 0.000000 12.000000 18 1 1 95
i1 0.000000 12.000000 19 1 1 95
i1 0.000000 12.000000 19 1 1 95
i1 0.000000 12.000000 20 1 1 95
i1 0.000000 12.000000 20 1 1 95
i1 0.000000 12.000000 21 1 1 95
i1 0.000000 12.000000 22 1 1 95
i1 0.000000 12.000000 22 1 1 95
i1 0.000000 12.000000 23 1 1 95
i1 0.000000 12.000000 24 1 1 95
i1 0.000000 12.000000 24 1 1 95
i1 0.000000 12.000000 25 1 1 95
i1 0.000000 12.000000 26 1 1 95
i1 0.000000 12.000000 26 1 1 95
i1 0.000000 12.000000 27 1 1 95
i1 0.000000 12.000000 28 1 1 95
i1 0.000000 12.000000 31 1 1 95
i1 0.000000 12.000000 32 1 1 95
i1 0.000000 12.000000 33 1 1 95
i1 0.000000 12.000000 33 1 1 95
i1 0.000000 12.000000 34 1 1 95
i1 0.000000 12.000000 35 1 1 95
i1 0.000000 12.000000 17 1 1 97
i1 0.000000 12.000000 17 1 1 97
i1 0.000000 12.000000 18 1 1 97
i1 0.000000 12.000000 19 1 1 97
i1 0.000000 12.000000 19 1 1 97
i1 0.000000 12.000000 20 1 1 97
i1 0.000000 12.000000 20 1 1 97
i1 0.000000 12.000000 21 1 1 97
i1 0.000000 12.000000 22 1 1 97
i1 0.000000 12.000000 22 1 1 97
i1 0.000000 12.000000 23 1 1 97
i1 0.000000 12.000000 24 1 1 97
i1 0.000000 12.000000 24 1 1 97
i1 0.000000 12.000000 25 1 1 97
i1 0.000000 12.000000 26 1 1 97
i1 0.000000 12.000000 26 1 1 97
i1 0.000000 12.000000 27 1 1 97
i1 0.000000 12.000000 28 1 1 97
i1 0.000000 12.000000 31 1 1 97
i1 0.000000 12.000000 32 1 1 97
i1 0.000000 12.000000 33 1 1 97
i1 0.000000 12.000000 33 1 1 97
i1 0.000000 12.000000 34 1 1 97
i1 0.000000 12.000000 35 1 1 97
i1 0.000000 12.000000 16 1 1 100
i1 0.000000 12.000000 17 1 1 100
i1 0.000000 12.000000 17 1 1 100
i1 0.000000 12.000000 18 1 1 100
i1 0.000000 12.000000 19 1 1 100
i1 0.000000 12.000000 19 1 1 100
i1 0.000000 12.000000 20 1 1 100
i1 0.000000 12.000000 20 1 1 100
i1 0.000000 12.000000 21 1 1 100
i1 0.000000 12.000000 22 1 1 100
i1 0.000000 12.000000 22 1 1 100
i1 0.000000 12.000000 23 1 1 100
i1 0.000000 12.000000 24 1 1 100
i1 0.000000 12.000000 24 1 1 100
i1 0.000000 12.000000 25 1 1 100
i1 0.000000 12.000000 26 1 1 100
i1 0.000000 12.000000 26 1 1 100
i1 0.000000 12.000000 27 1 1 100
i1 0.000000 12.000000 31 1 1 100
i1 0.000000 12.000000 32 1 1 100
i1 0.000000 12.000000 33 1 1 100
i1 0.000000 12.000000 33 1 1 100
i1 0.000000 12.000000 34 1 1 100
i1 0.000000 12.000000 15 1 1 102
i1 0.000000 12.000000 16 1 1 102
i1 0.000000 12.000000 17 1 1 102
i1 0.000000 12.000000 18 1 1 102
i1 0.000000 12.000000 19 1 1 102
i1 0.000000 12.000000 19 1 1 102
i1 0.000000 12.000000 20 1 1 102
i1 0.000000 12.000000 20 1 1 102
i1 0.000000 12.000000 21 1 1 102
i1 0.000000 12.000000 31 1 1 102
i1 0.000000 12.000000 32 1 1 102
i1 0.000000 12.000000 33 1 1 102
i1 0.000000 12.000000 33 1 1 102
i1 0.000000 12.000000 34 1 1 102
i1 0.000000 12.000000 15 1 1 105
i1 0.000000 12.000000 16 1 1 105
i1 0.000000 12.000000 31 1 1 105
i1 0.000000 12.000000 32 1 1 105
i1 0.000000 12.000000 33 1 1 105
i1 0.000000 12.000000 33 1 1 105
i1 0.000000 12.000000 31 1 1 107
i1 0.000000 12.000000 32 1 1 107
i1 0.000000 12.000000 33 1 1 107
i1 0.000000 12.000000 33 1 1 107
i1 0.000000 12.000000 29 1 1 110
i1 0.000000 12.000000 29 1 1 110
i1 0.000000 12.000000 30 1 1 110
i1 0.000000 12.000000 31 1 1 110
i1 0.000000 12.000000 31 1 1 110
i1 0.000000 12.000000 32 1 1 110
i1 0.000000 12.000000 33 1 1 110
i1 0.000000 12.000000 26 1 1 112
i1 0.000000 12.000000 27 1 1 112
i1 0.000000 12.000000 28 1 1 112
i1 0.000000 12.000000 28 1 1 112
i1 0.000000 12.000000 29 1 1 112
i1 0.000000 12.000000 29 1 1 112
i1 0.000000 12.000000 30 1 1 112
i1 0.000000 12.000000 31 1 1 112
i1 0.000000 12.000000 31 1 1 112
i1 0.000000 12.000000 32 1 1 112
i1 0.000000 12.000000 22 1 1 115
i1 0.000000 12.000000 22 1 1 115
i1 0.000000 12.000000 23 1 1 115
i1 0.000000 12.000000 26 1 1 115
i1 0.000000 12.000000 27 1 1 115
i1 0.000000 12.000000 28 1 1 115
i1 0.000000 12.000000 28 1 1 115
i1 0.000000 12.000000 29 1 1 115
i1 0.000000 12.000000 29 1 1 115
i1 0.000000 12.000000 30 1 1 115
i1 0.000000 12.000000 31 1 1 115
i1 0.000000 12.000000 31 1 1 115
i1 0.000000 12.000000 27 1 1 117
i1 0.000000 12.000000 28 1 1 117
i1 0.000000 12.000000 28 1 1 117
i1 0.000000 12.000000 29 1 1 117
i1 0.000000 12.000000 29 1 1 117
i1 0.000000 12.000000 30 1 1 117
i1 0.000000 12.000000 31 1 1 117
i1 0.000000 12.000000 27 1 1 120
i1 0.000000 12.000000 28 1 1 120
i1 0.000000 12.000000 28 1 1 120
i1 0.000000 12.000000 29 1 1 120
i1 0.000000 12.000000 29 1 1 120
i1 0.000000 12.000000 28 1 1 122
i1 0.000000 12.000000 28 1 1 122
i1 0.000000 12.000000 29 1 1 122

</CsScore>
</CsoundSynthesizer>
