; James Keary - FROM THE HEADER FILE!
; General Midi Testing File - Write out Midi files for loading into a DAW, 
; can open output midi file (located in your username file) in Sibelius, 
; Finale, and Logic.  If opening in Finale, make sure to check the box 
; \"Channels Become Staves\" under import midi file options, so that the 
; channels will be split into different instruments. 
<CsoundSynthesizer>
<CsOptions>
-t60 -g -d -m0 -n
; -m0 suppresses f-tables displaying in terminal, --nosound no sound files 
; written, just a midi file written to your username file. 
</CsOptions>
<CsInstruments>

sr		=	44100
ksmps	=	100
nchnls	=	2
0dbfs	= 	1

#include "../CsoundFiles/Chromatic.txt"
;
#include "../CsoundFiles/MIDI.txt"
;
giVelocities ftgen 0, 0, -8, -2, 87, 88, 89, 90, 91, 92, 93, 94

$MIDI(1)
$MIDI(2)
$MIDI(3)
$MIDI(4)

</CsInstruments>
<CsScore>
; p1 - instrument, p2 - start time, p3 - duration, p4 - note index, p5 - velocity, p6 - channel number p7 - pan (btwn 0 and 127, where 64 is dead center, 0 is hard left and 127 is hard right)
i1 0.500000 0.250000 28 1 1 5
i1 0.750000 0.250000 29 1 1 7
i1 0.750000 0.250000 30 1 1 7
i1 1.000000 0.250000 29 1 1 10
i1 1.000000 0.250000 30 1 1 10
i1 1.000000 0.250000 31 1 1 10
i1 1.250000 0.250000 30 1 1 12
i1 1.250000 0.250000 31 1 1 12
i1 1.250000 0.250000 31 1 1 12
i1 1.500000 0.250000 30 1 1 15
i1 1.500000 0.250000 31 1 1 15
i1 1.500000 0.250000 31 1 1 15
i1 1.750000 0.250000 30 1 1 17
i1 1.750000 0.250000 31 1 1 17
i1 1.750000 0.250000 31 1 1 17
i1 1.750000 0.250000 32 1 1 17
i1 2.000000 0.250000 30 1 1 20
i1 2.000000 0.250000 31 1 1 20
i1 2.000000 0.250000 31 1 1 20
i1 2.000000 0.250000 32 1 1 20
i1 2.000000 0.250000 33 1 1 20
i1 2.250000 0.250000 30 1 1 22
i1 2.250000 0.250000 31 1 1 22
i1 2.250000 0.250000 31 1 1 22
i1 2.250000 0.250000 32 1 1 22
i1 2.250000 0.250000 33 1 1 22
i1 2.250000 0.250000 33 1 1 22
i1 2.500000 0.250000 30 1 1 25
i1 2.500000 0.250000 31 1 1 25
i1 2.500000 0.250000 31 1 1 25
i1 2.500000 0.250000 32 1 1 25
i1 2.500000 0.250000 33 1 1 25
i1 2.500000 0.250000 33 1 1 25
i1 2.500000 0.250000 34 1 1 25
i1 2.750000 0.250000 20 1 1 27
i1 2.750000 0.250000 21 1 1 27
i1 2.750000 0.250000 22 1 1 27
i1 2.750000 0.250000 22 1 1 27
i1 2.750000 0.250000 23 1 1 27
i1 2.750000 0.250000 24 1 1 27
i1 2.750000 0.250000 24 1 1 27
i1 2.750000 0.250000 25 1 1 27
i1 2.750000 0.250000 30 1 1 27
i1 2.750000 0.250000 31 1 1 27
i1 2.750000 0.250000 31 1 1 27
i1 2.750000 0.250000 32 1 1 27
i1 2.750000 0.250000 33 1 1 27
i1 2.750000 0.250000 33 1 1 27
i1 2.750000 0.250000 34 1 1 27
i1 2.750000 0.250000 35 1 1 27
i1 3.000000 0.250000 18 1 1 30
i1 3.000000 0.250000 19 1 1 30
i1 3.000000 0.250000 19 1 1 30
i1 3.000000 0.250000 20 1 1 30
i1 3.000000 0.250000 20 1 1 30
i1 3.000000 0.250000 21 1 1 30
i1 3.000000 0.250000 22 1 1 30
i1 3.000000 0.250000 22 1 1 30
i1 3.000000 0.250000 23 1 1 30
i1 3.000000 0.250000 24 1 1 30
i1 3.000000 0.250000 24 1 1 30
i1 3.000000 0.250000 25 1 1 30
i1 3.000000 0.250000 26 1 1 30
i1 3.000000 0.250000 26 1 1 30
i1 3.000000 0.250000 27 1 1 30
i1 3.000000 0.250000 28 1 1 30
i1 3.000000 0.250000 31 1 1 30
i1 3.000000 0.250000 31 1 1 30
i1 3.000000 0.250000 32 1 1 30
i1 3.000000 0.250000 33 1 1 30
i1 3.000000 0.250000 33 1 1 30
i1 3.000000 0.250000 34 1 1 30
i1 3.000000 0.250000 35 1 1 30
i1 3.250000 0.250000 17 1 1 32
i1 3.250000 0.250000 18 1 1 32
i1 3.250000 0.250000 19 1 1 32
i1 3.250000 0.250000 19 1 1 32
i1 3.250000 0.250000 20 1 1 32
i1 3.250000 0.250000 20 1 1 32
i1 3.250000 0.250000 21 1 1 32
i1 3.250000 0.250000 22 1 1 32
i1 3.250000 0.250000 22 1 1 32
i1 3.250000 0.250000 23 1 1 32
i1 3.250000 0.250000 24 1 1 32
i1 3.250000 0.250000 24 1 1 32
i1 3.250000 0.250000 25 1 1 32
i1 3.250000 0.250000 26 1 1 32
i1 3.250000 0.250000 26 1 1 32
i1 3.250000 0.250000 27 1 1 32
i1 3.250000 0.250000 28 1 1 32
i1 3.250000 0.250000 31 1 1 32
i1 3.250000 0.250000 32 1 1 32
i1 3.250000 0.250000 33 1 1 32
i1 3.250000 0.250000 33 1 1 32
i1 3.250000 0.250000 34 1 1 32
i1 3.250000 0.250000 35 1 1 32
i1 3.250000 0.250000 35 1 1 32
i1 3.500000 0.250000 17 1 1 35
i1 3.500000 0.250000 17 1 1 35
i1 3.500000 0.250000 18 1 1 35
i1 3.500000 0.250000 19 1 1 35
i1 3.500000 0.250000 19 1 1 35
i1 3.500000 0.250000 20 1 1 35
i1 3.500000 0.250000 20 1 1 35
i1 3.500000 0.250000 21 1 1 35
i1 3.500000 0.250000 22 1 1 35
i1 3.500000 0.250000 22 1 1 35
i1 3.500000 0.250000 23 1 1 35
i1 3.500000 0.250000 24 1 1 35
i1 3.500000 0.250000 24 1 1 35
i1 3.500000 0.250000 25 1 1 35
i1 3.500000 0.250000 26 1 1 35
i1 3.500000 0.250000 26 1 1 35
i1 3.500000 0.250000 27 1 1 35
i1 3.500000 0.250000 28 1 1 35
i1 3.500000 0.250000 33 1 1 35
i1 3.500000 0.250000 33 1 1 35
i1 3.500000 0.250000 34 1 1 35
i1 3.500000 0.250000 35 1 1 35
i1 3.500000 0.250000 35 1 1 35
i1 3.500000 0.250000 36 1 1 35
i1 3.750000 0.250000 17 1 1 37
i1 3.750000 0.250000 17 1 1 37
i1 3.750000 0.250000 18 1 1 37
i1 3.750000 0.250000 19 1 1 37
i1 3.750000 0.250000 19 1 1 37
i1 3.750000 0.250000 20 1 1 37
i1 3.750000 0.250000 20 1 1 37
i1 3.750000 0.250000 21 1 1 37
i1 3.750000 0.250000 22 1 1 37
i1 3.750000 0.250000 22 1 1 37
i1 3.750000 0.250000 23 1 1 37
i1 3.750000 0.250000 26 1 1 37
i1 3.750000 0.250000 26 1 1 37
i1 3.750000 0.250000 27 1 1 37
i1 3.750000 0.250000 33 1 1 37
i1 3.750000 0.250000 34 1 1 37
i1 3.750000 0.250000 35 1 1 37
i1 3.750000 0.250000 35 1 1 37
i1 3.750000 0.250000 36 1 1 37
i1 4.000000 0.250000 17 1 1 40
i1 4.000000 0.250000 17 1 1 40
i1 4.000000 0.250000 18 1 1 40
i1 4.000000 0.250000 19 1 1 40
i1 4.000000 0.250000 19 1 1 40
i1 4.000000 0.250000 20 1 1 40
i1 4.000000 0.250000 20 1 1 40
i1 4.000000 0.250000 21 1 1 40
i1 4.000000 0.250000 22 1 1 40
i1 4.000000 0.250000 22 1 1 40
i1 4.000000 0.250000 23 1 1 40
i1 4.000000 0.250000 24 1 1 40
i1 4.000000 0.250000 24 1 1 40
i1 4.000000 0.250000 33 1 1 40
i1 4.000000 0.250000 34 1 1 40
i1 4.000000 0.250000 35 1 1 40
i1 4.000000 0.250000 35 1 1 40
i1 4.000000 0.250000 36 1 1 40
i1 4.250000 0.250000 17 1 1 42
i1 4.250000 0.250000 17 1 1 42
i1 4.250000 0.250000 18 1 1 42
i1 4.250000 0.250000 19 1 1 42
i1 4.250000 0.250000 19 1 1 42
i1 4.250000 0.250000 20 1 1 42
i1 4.250000 0.250000 20 1 1 42
i1 4.250000 0.250000 21 1 1 42
i1 4.250000 0.250000 22 1 1 42
i1 4.250000 0.250000 22 1 1 42
i1 4.250000 0.250000 23 1 1 42
i1 4.250000 0.250000 24 1 1 42
i1 4.250000 0.250000 24 1 1 42
i1 4.250000 0.250000 25 1 1 42
i1 4.250000 0.250000 26 1 1 42
i1 4.250000 0.250000 31 1 1 42
i1 4.250000 0.250000 31 1 1 42
i1 4.250000 0.250000 32 1 1 42
i1 4.250000 0.250000 33 1 1 42
i1 4.250000 0.250000 33 1 1 42
i1 4.250000 0.250000 34 1 1 42
i1 4.250000 0.250000 35 1 1 42
i1 4.250000 0.250000 35 1 1 42
i1 4.250000 0.250000 36 1 1 42
i1 4.500000 0.250000 17 1 1 45
i1 4.500000 0.250000 17 1 1 45
i1 4.500000 0.250000 18 1 1 45
i1 4.500000 0.250000 19 1 1 45
i1 4.500000 0.250000 19 1 1 45
i1 4.500000 0.250000 20 1 1 45
i1 4.500000 0.250000 20 1 1 45
i1 4.500000 0.250000 21 1 1 45
i1 4.500000 0.250000 22 1 1 45
i1 4.500000 0.250000 22 1 1 45
i1 4.500000 0.250000 23 1 1 45
i1 4.500000 0.250000 24 1 1 45
i1 4.500000 0.250000 24 1 1 45
i1 4.500000 0.250000 25 1 1 45
i1 4.500000 0.250000 26 1 1 45
i1 4.500000 0.250000 26 1 1 45
i1 4.500000 0.250000 29 1 1 45
i1 4.500000 0.250000 30 1 1 45
i1 4.500000 0.250000 31 1 1 45
i1 4.500000 0.250000 31 1 1 45
i1 4.500000 0.250000 32 1 1 45
i1 4.500000 0.250000 33 1 1 45
i1 4.500000 0.250000 33 1 1 45
i1 4.500000 0.250000 34 1 1 45
i1 4.500000 0.250000 35 1 1 45
i1 4.500000 0.250000 35 1 1 45
i1 4.500000 0.250000 36 1 1 45
i1 4.750000 0.250000 17 1 1 47
i1 4.750000 0.250000 17 1 1 47
i1 4.750000 0.250000 18 1 1 47
i1 4.750000 0.250000 19 1 1 47
i1 4.750000 0.250000 19 1 1 47
i1 4.750000 0.250000 20 1 1 47
i1 4.750000 0.250000 20 1 1 47
i1 4.750000 0.250000 21 1 1 47
i1 4.750000 0.250000 22 1 1 47
i1 4.750000 0.250000 22 1 1 47
i1 4.750000 0.250000 23 1 1 47
i1 4.750000 0.250000 24 1 1 47
i1 4.750000 0.250000 24 1 1 47
i1 4.750000 0.250000 25 1 1 47
i1 4.750000 0.250000 26 1 1 47
i1 4.750000 0.250000 26 1 1 47
i1 4.750000 0.250000 27 1 1 47
i1 4.750000 0.250000 28 1 1 47
i1 4.750000 0.250000 28 1 1 47
i1 4.750000 0.250000 29 1 1 47
i1 4.750000 0.250000 29 1 1 47
i1 4.750000 0.250000 30 1 1 47
i1 4.750000 0.250000 31 1 1 47
i1 4.750000 0.250000 31 1 1 47
i1 4.750000 0.250000 32 1 1 47
i1 4.750000 0.250000 33 1 1 47
i1 4.750000 0.250000 33 1 1 47
i1 4.750000 0.250000 34 1 1 47
i1 4.750000 0.250000 35 1 1 47
i1 4.750000 0.250000 35 1 1 47
i1 5.000000 0.250000 16 1 1 50
i1 5.000000 0.250000 17 1 1 50
i1 5.000000 0.250000 17 1 1 50
i1 5.000000 0.250000 18 1 1 50
i1 5.000000 0.250000 19 1 1 50
i1 5.000000 0.250000 19 1 1 50
i1 5.000000 0.250000 20 1 1 50
i1 5.000000 0.250000 20 1 1 50
i1 5.000000 0.250000 21 1 1 50
i1 5.000000 0.250000 22 1 1 50
i1 5.000000 0.250000 22 1 1 50
i1 5.000000 0.250000 23 1 1 50
i1 5.000000 0.250000 24 1 1 50
i1 5.000000 0.250000 24 1 1 50
i1 5.000000 0.250000 25 1 1 50
i1 5.000000 0.250000 26 1 1 50
i1 5.000000 0.250000 26 1 1 50
i1 5.000000 0.250000 27 1 1 50
i1 5.000000 0.250000 28 1 1 50
i1 5.000000 0.250000 28 1 1 50
i1 5.000000 0.250000 29 1 1 50
i1 5.000000 0.250000 29 1 1 50
i1 5.000000 0.250000 30 1 1 50
i2 5.000000 0.250000 31 1 2 50
i2 5.000000 0.250000 31 1 2 50
i1 5.000000 0.250000 32 1 1 50
i1 5.000000 0.250000 33 1 1 50
i1 5.000000 0.250000 33 1 1 50
i1 5.000000 0.250000 34 1 1 50
i1 5.000000 0.250000 35 1 1 50
i1 5.000000 0.250000 35 1 1 50
i1 5.250000 0.250000 16 1 1 52
i1 5.250000 0.250000 17 1 1 52
i1 5.250000 0.250000 17 1 1 52
i1 5.250000 0.250000 18 1 1 52
i1 5.250000 0.250000 19 1 1 52
i1 5.250000 0.250000 19 1 1 52
i1 5.250000 0.250000 20 1 1 52
i1 5.250000 0.250000 24 1 1 52
i1 5.250000 0.250000 25 1 1 52
i1 5.250000 0.250000 26 1 1 52
i1 5.250000 0.250000 26 1 1 52
i1 5.250000 0.250000 27 1 1 52
i1 5.250000 0.250000 28 1 1 52
i1 5.250000 0.250000 28 1 1 52
i1 5.250000 0.250000 29 1 1 52
i2 5.250000 0.250000 29 1 2 52
i2 5.250000 0.250000 30 1 2 52
i2 5.250000 0.250000 31 1 2 52
i2 5.250000 0.250000 31 1 2 52
i2 5.250000 0.250000 32 1 2 52
i1 5.250000 0.250000 33 1 1 52
i1 5.250000 0.250000 33 1 1 52
i1 5.250000 0.250000 34 1 1 52
i1 5.250000 0.250000 35 1 1 52
i1 5.500000 0.250000 16 1 1 55
i1 5.500000 0.250000 17 1 1 55
i1 5.500000 0.250000 17 1 1 55
i1 5.500000 0.250000 18 1 1 55
i1 5.500000 0.250000 19 1 1 55
i1 5.500000 0.250000 19 1 1 55
i1 5.500000 0.250000 20 1 1 55
i1 5.500000 0.250000 24 1 1 55
i1 5.500000 0.250000 25 1 1 55
i1 5.500000 0.250000 26 1 1 55
i1 5.500000 0.250000 26 1 1 55
i1 5.500000 0.250000 27 1 1 55
i1 5.500000 0.250000 28 1 1 55
i2 5.500000 0.250000 28 1 2 55
i2 5.500000 0.250000 29 1 2 55
i2 5.500000 0.250000 29 1 2 55
i2 5.500000 0.250000 30 1 2 55
i2 5.500000 0.250000 31 1 2 55
i2 5.500000 0.250000 31 1 2 55
i2 5.500000 0.250000 32 1 2 55
i2 5.500000 0.250000 33 1 2 55
i1 5.500000 0.250000 33 1 1 55
i1 5.500000 0.250000 34 1 1 55
i1 5.500000 0.250000 35 1 1 55
i1 5.750000 0.250000 16 1 1 57
i1 5.750000 0.250000 17 1 1 57
i1 5.750000 0.250000 17 1 1 57
i1 5.750000 0.250000 18 1 1 57
i1 5.750000 0.250000 19 1 1 57
i1 5.750000 0.250000 19 1 1 57
i1 5.750000 0.250000 20 1 1 57
i1 5.750000 0.250000 20 1 1 57
i1 5.750000 0.250000 24 1 1 57
i1 5.750000 0.250000 25 1 1 57
i1 5.750000 0.250000 26 1 1 57
i1 5.750000 0.250000 26 1 1 57
i2 5.750000 0.250000 27 1 2 57
i2 5.750000 0.250000 28 1 2 57
i2 5.750000 0.250000 28 1 2 57
i2 5.750000 0.250000 29 1 2 57
i2 5.750000 0.250000 29 1 2 57
i2 5.750000 0.250000 30 1 2 57
i2 5.750000 0.250000 31 1 2 57
i2 5.750000 0.250000 31 1 2 57
i2 5.750000 0.250000 32 1 2 57
i2 5.750000 0.250000 33 1 2 57
i1 5.750000 0.250000 33 1 1 57
i1 5.750000 0.250000 34 1 1 57
i1 5.750000 0.250000 35 1 1 57
i1 6.000000 0.250000 17 1 1 60
i1 6.000000 0.250000 17 1 1 60
i1 6.000000 0.250000 18 1 1 60
i1 6.000000 0.250000 19 1 1 60
i1 6.000000 0.250000 19 1 1 60
i1 6.000000 0.250000 20 1 1 60
i1 6.000000 0.250000 20 1 1 60
i1 6.000000 0.250000 24 1 1 60
i1 6.000000 0.250000 25 1 1 60
i1 6.000000 0.250000 26 1 1 60
i1 6.000000 0.250000 26 1 1 60
i2 6.000000 0.250000 27 1 2 60
i2 6.000000 0.250000 28 1 2 60
i2 6.000000 0.250000 28 1 2 60
i2 6.000000 0.250000 29 1 2 60
i2 6.000000 0.250000 29 1 2 60
i2 6.000000 0.250000 30 1 2 60
i2 6.000000 0.250000 31 1 2 60
i2 6.000000 0.250000 31 1 2 60
i2 6.000000 0.250000 32 1 2 60
i2 6.000000 0.250000 33 1 2 60
i1 6.000000 0.250000 33 1 1 60
i1 6.000000 0.250000 34 1 1 60
i1 6.250000 0.250000 17 1 1 62
i1 6.250000 0.250000 17 1 1 62
i1 6.250000 0.250000 18 1 1 62
i1 6.250000 0.250000 19 1 1 62
i1 6.250000 0.250000 19 1 1 62
i1 6.250000 0.250000 20 1 1 62
i1 6.250000 0.250000 20 1 1 62
i1 6.250000 0.250000 25 1 1 62
i1 6.250000 0.250000 26 1 1 62
i1 6.250000 0.250000 26 1 1 62
i2 6.250000 0.250000 27 1 2 62
i2 6.250000 0.250000 28 1 2 62
i2 6.250000 0.250000 28 1 2 62
i2 6.250000 0.250000 29 1 2 62
i2 6.250000 0.250000 29 1 2 62
i2 6.250000 0.250000 30 1 2 62
i2 6.250000 0.250000 31 1 2 62
i2 6.250000 0.250000 31 1 2 62
i2 6.250000 0.250000 32 1 2 62
i1 6.250000 0.250000 33 1 1 62
i1 6.250000 0.250000 33 1 1 62
i1 6.250000 0.250000 34 1 1 62
i1 6.250000 0.250000 35 1 1 62
i1 6.500000 0.250000 17 1 1 65
i1 6.500000 0.250000 17 1 1 65
i1 6.500000 0.250000 18 1 1 65
i1 6.500000 0.250000 19 1 1 65
i1 6.500000 0.250000 19 1 1 65
i1 6.500000 0.250000 20 1 1 65
i1 6.500000 0.250000 20 1 1 65
i1 6.500000 0.250000 25 1 1 65
i1 6.500000 0.250000 26 1 1 65
i1 6.500000 0.250000 26 1 1 65
i2 6.500000 0.250000 27 1 2 65
i2 6.500000 0.250000 28 1 2 65
i2 6.500000 0.250000 28 1 2 65
i2 6.500000 0.250000 29 1 2 65
i2 6.500000 0.250000 29 1 2 65
i2 6.500000 0.250000 30 1 2 65
i2 6.500000 0.250000 31 1 2 65
i2 6.500000 0.250000 31 1 2 65
i1 6.500000 0.250000 32 1 1 65
i1 6.500000 0.250000 33 1 1 65
i1 6.500000 0.250000 33 1 1 65
i1 6.500000 0.250000 34 1 1 65
i1 6.500000 0.250000 35 1 1 65
i1 6.500000 0.250000 35 1 1 65
i1 6.750000 0.250000 17 1 1 67
i1 6.750000 0.250000 17 1 1 67
i1 6.750000 0.250000 18 1 1 67
i1 6.750000 0.250000 19 1 1 67
i1 6.750000 0.250000 19 1 1 67
i1 6.750000 0.250000 20 1 1 67
i1 6.750000 0.250000 24 1 1 67
i1 6.750000 0.250000 25 1 1 67
i1 6.750000 0.250000 26 1 1 67
i1 6.750000 0.250000 26 1 1 67
i2 6.750000 0.250000 27 1 2 67
i2 6.750000 0.250000 28 1 2 67
i2 6.750000 0.250000 28 1 2 67
i2 6.750000 0.250000 29 1 2 67
i2 6.750000 0.250000 29 1 2 67
i2 6.750000 0.250000 30 1 2 67
i2 6.750000 0.250000 31 1 2 67
i2 6.750000 0.250000 31 1 2 67
i2 6.750000 0.250000 32 1 2 67
i1 6.750000 0.250000 33 1 1 67
i1 6.750000 0.250000 33 1 1 67
i1 6.750000 0.250000 34 1 1 67
i1 6.750000 0.250000 35 1 1 67
i1 6.750000 0.250000 35 1 1 67
i1 7.000000 0.250000 16 1 1 70
i1 7.000000 0.250000 17 1 1 70
i1 7.000000 0.250000 17 1 1 70
i1 7.000000 0.250000 18 1 1 70
i1 7.000000 0.250000 19 1 1 70
i1 7.000000 0.250000 19 1 1 70
i1 7.000000 0.250000 20 1 1 70
i1 7.000000 0.250000 24 1 1 70
i1 7.000000 0.250000 24 1 1 70
i1 7.000000 0.250000 25 1 1 70
i1 7.000000 0.250000 26 1 1 70
i2 7.000000 0.250000 26 1 2 70
i2 7.000000 0.250000 27 1 2 70
i2 7.000000 0.250000 28 1 2 70
i3 7.000000 0.250000 28 1 3 70
i3 7.000000 0.250000 29 1 3 70
i3 7.000000 0.250000 29 1 3 70
i2 7.000000 0.250000 30 1 2 70
i2 7.000000 0.250000 31 1 2 70
i2 7.000000 0.250000 31 1 2 70
i1 7.000000 0.250000 32 1 1 70
i1 7.000000 0.250000 33 1 1 70
i1 7.000000 0.250000 33 1 1 70
i1 7.000000 0.250000 34 1 1 70
i1 7.000000 0.250000 35 1 1 70
i1 7.000000 0.250000 35 1 1 70
i1 7.250000 0.250000 16 1 1 72
i1 7.250000 0.250000 17 1 1 72
i1 7.250000 0.250000 17 1 1 72
i1 7.250000 0.250000 18 1 1 72
i1 7.250000 0.250000 19 1 1 72
i1 7.250000 0.250000 19 1 1 72
i1 7.250000 0.250000 20 1 1 72
i1 7.250000 0.250000 22 1 1 72
i1 7.250000 0.250000 23 1 1 72
i1 7.250000 0.250000 24 1 1 72
i1 7.250000 0.250000 24 1 1 72
i1 7.250000 0.250000 25 1 1 72
i2 7.250000 0.250000 26 1 2 72
i2 7.250000 0.250000 26 1 2 72
i2 7.250000 0.250000 27 1 2 72
i2 7.250000 0.250000 28 1 2 72
i3 7.250000 0.250000 28 1 3 72
i3 7.250000 0.250000 29 1 3 72
i3 7.250000 0.250000 29 1 3 72
i2 7.250000 0.250000 30 1 2 72
i2 7.250000 0.250000 31 1 2 72
i1 7.250000 0.250000 31 1 1 72
i1 7.250000 0.250000 32 1 1 72
i1 7.250000 0.250000 33 1 1 72
i1 7.250000 0.250000 33 1 1 72
i1 7.250000 0.250000 34 1 1 72
i1 7.250000 0.250000 35 1 1 72
i1 7.250000 0.250000 35 1 1 72
i1 7.500000 0.250000 16 1 1 75
i1 7.500000 0.250000 17 1 1 75
i1 7.500000 0.250000 17 1 1 75
i1 7.500000 0.250000 18 1 1 75
i1 7.500000 0.250000 19 1 1 75
i1 7.500000 0.250000 19 1 1 75
i1 7.500000 0.250000 20 1 1 75
i1 7.500000 0.250000 20 1 1 75
i1 7.500000 0.250000 21 1 1 75
i1 7.500000 0.250000 22 1 1 75
i1 7.500000 0.250000 22 1 1 75
i1 7.500000 0.250000 23 1 1 75
i1 7.500000 0.250000 24 1 1 75
i1 7.500000 0.250000 24 1 1 75
i2 7.500000 0.250000 25 1 2 75
i2 7.500000 0.250000 26 1 2 75
i2 7.500000 0.250000 26 1 2 75
i2 7.500000 0.250000 27 1 2 75
i2 7.500000 0.250000 28 1 2 75
i2 7.500000 0.250000 28 1 2 75
i2 7.500000 0.250000 29 1 2 75
i2 7.500000 0.250000 29 1 2 75
i2 7.500000 0.250000 30 1 2 75
i1 7.500000 0.250000 31 1 1 75
i1 7.500000 0.250000 31 1 1 75
i1 7.500000 0.250000 32 1 1 75
i1 7.500000 0.250000 33 1 1 75
i1 7.500000 0.250000 33 1 1 75
i1 7.500000 0.250000 34 1 1 75
i1 7.500000 0.250000 35 1 1 75
i1 7.500000 0.250000 35 1 1 75
i1 7.750000 0.250000 15 1 1 77
i1 7.750000 0.250000 16 1 1 77
i1 7.750000 0.250000 17 1 1 77
i1 7.750000 0.250000 17 1 1 77
i1 7.750000 0.250000 18 1 1 77
i1 7.750000 0.250000 19 1 1 77
i1 7.750000 0.250000 19 1 1 77
i1 7.750000 0.250000 20 1 1 77
i1 7.750000 0.250000 20 1 1 77
i1 7.750000 0.250000 21 1 1 77
i1 7.750000 0.250000 22 1 1 77
i1 7.750000 0.250000 22 1 1 77
i1 7.750000 0.250000 23 1 1 77
i1 7.750000 0.250000 24 1 1 77
i2 7.750000 0.250000 24 1 2 77
i2 7.750000 0.250000 25 1 2 77
i2 7.750000 0.250000 26 1 2 77
i1 7.750000 0.250000 26 1 1 77
i1 7.750000 0.250000 27 1 1 77
i2 7.750000 0.250000 28 1 2 77
i2 7.750000 0.250000 28 1 2 77
i2 7.750000 0.250000 29 1 2 77
i2 7.750000 0.250000 29 1 2 77
i1 7.750000 0.250000 30 1 1 77
i1 7.750000 0.250000 31 1 1 77
i1 7.750000 0.250000 31 1 1 77
i1 7.750000 0.250000 32 1 1 77
i1 7.750000 0.250000 33 1 1 77
i1 7.750000 0.250000 34 1 1 77
i1 7.750000 0.250000 35 1 1 77
i1 7.750000 0.250000 35 1 1 77
i1 8.000000 0.250000 15 1 1 80
i1 8.000000 0.250000 15 1 1 80
i1 8.000000 0.250000 16 1 1 80
i1 8.000000 0.250000 17 1 1 80
i1 8.000000 0.250000 17 1 1 80
i1 8.000000 0.250000 18 1 1 80
i1 8.000000 0.250000 19 1 1 80
i1 8.000000 0.250000 19 1 1 80
i1 8.000000 0.250000 20 1 1 80
i1 8.000000 0.250000 20 1 1 80
i1 8.000000 0.250000 21 1 1 80
i1 8.000000 0.250000 22 1 1 80
i1 8.000000 0.250000 22 1 1 80
i1 8.000000 0.250000 23 1 1 80
i1 8.000000 0.250000 24 1 1 80
i1 8.000000 0.250000 24 1 1 80
i1 8.000000 0.250000 25 1 1 80
i1 8.000000 0.250000 26 1 1 80
i1 8.000000 0.250000 26 1 1 80
i1 8.000000 0.250000 27 1 1 80
i1 8.000000 0.250000 28 1 1 80
i1 8.000000 0.250000 28 1 1 80
i1 8.000000 0.250000 29 1 1 80
i1 8.000000 0.250000 29 1 1 80
i1 8.000000 0.250000 30 1 1 80
i1 8.000000 0.250000 31 1 1 80
i1 8.000000 0.250000 34 1 1 80
i1 8.000000 0.250000 35 1 1 80
i1 8.000000 0.250000 35 1 1 80
i1 8.250000 0.250000 14 1 1 82
i1 8.250000 0.250000 15 1 1 82
i1 8.250000 0.250000 15 1 1 82
i1 8.250000 0.250000 16 1 1 82
i1 8.250000 0.250000 17 1 1 82
i1 8.250000 0.250000 17 1 1 82
i1 8.250000 0.250000 18 1 1 82
i1 8.250000 0.250000 19 1 1 82
i1 8.250000 0.250000 19 1 1 82
i1 8.250000 0.250000 20 1 1 82
i1 8.250000 0.250000 20 1 1 82
i1 8.250000 0.250000 21 1 1 82
i1 8.250000 0.250000 22 1 1 82
i1 8.250000 0.250000 22 1 1 82
i1 8.250000 0.250000 23 1 1 82
i1 8.250000 0.250000 24 1 1 82
i1 8.250000 0.250000 24 1 1 82
i1 8.250000 0.250000 25 1 1 82
i1 8.250000 0.250000 26 1 1 82
i1 8.250000 0.250000 26 1 1 82
i1 8.250000 0.250000 28 1 1 82
i1 8.250000 0.250000 28 1 1 82
i1 8.250000 0.250000 29 1 1 82
i1 8.250000 0.250000 34 1 1 82
i1 8.250000 0.250000 35 1 1 82
i1 8.250000 0.250000 35 1 1 82
i1 8.500000 0.250000 14 1 1 85
i1 8.500000 0.250000 15 1 1 85
i1 8.500000 0.250000 15 1 1 85
i1 8.500000 0.250000 16 1 1 85
i1 8.500000 0.250000 17 1 1 85
i1 8.500000 0.250000 17 1 1 85
i1 8.500000 0.250000 18 1 1 85
i1 8.500000 0.250000 19 1 1 85
i1 8.500000 0.250000 19 1 1 85
i1 8.500000 0.250000 20 1 1 85
i1 8.500000 0.250000 20 1 1 85
i1 8.500000 0.250000 21 1 1 85
i1 8.500000 0.250000 22 1 1 85
i1 8.500000 0.250000 22 1 1 85
i1 8.500000 0.250000 23 1 1 85
i1 8.500000 0.250000 24 1 1 85
i1 8.500000 0.250000 24 1 1 85
i1 8.500000 0.250000 25 1 1 85
i1 8.500000 0.250000 33 1 1 85
i1 8.500000 0.250000 34 1 1 85
i1 8.500000 0.250000 35 1 1 85
i1 8.500000 0.250000 35 1 1 85
i1 8.750000 0.250000 18 1 1 87
i1 8.750000 0.250000 19 1 1 87
i1 8.750000 0.250000 19 1 1 87
i1 8.750000 0.250000 20 1 1 87
i1 8.750000 0.250000 20 1 1 87
i1 8.750000 0.250000 21 1 1 87
i1 8.750000 0.250000 22 1 1 87
i1 8.750000 0.250000 22 1 1 87
i1 8.750000 0.250000 23 1 1 87
i1 8.750000 0.250000 24 1 1 87
i1 8.750000 0.250000 24 1 1 87
i1 8.750000 0.250000 33 1 1 87
i1 8.750000 0.250000 33 1 1 87
i1 8.750000 0.250000 34 1 1 87
i1 8.750000 0.250000 35 1 1 87
i1 8.750000 0.250000 35 1 1 87
i1 9.000000 0.250000 18 1 1 90
i1 9.000000 0.250000 19 1 1 90
i1 9.000000 0.250000 19 1 1 90
i1 9.000000 0.250000 20 1 1 90
i1 9.000000 0.250000 20 1 1 90
i1 9.000000 0.250000 21 1 1 90
i1 9.000000 0.250000 22 1 1 90
i1 9.000000 0.250000 22 1 1 90
i1 9.000000 0.250000 23 1 1 90
i1 9.000000 0.250000 24 1 1 90
i1 9.000000 0.250000 24 1 1 90
i1 9.000000 0.250000 32 1 1 90
i1 9.000000 0.250000 33 1 1 90
i1 9.000000 0.250000 33 1 1 90
i1 9.000000 0.250000 34 1 1 90
i1 9.000000 0.250000 35 1 1 90
i1 9.250000 0.250000 17 1 1 92
i1 9.250000 0.250000 18 1 1 92
i1 9.250000 0.250000 19 1 1 92
i1 9.250000 0.250000 19 1 1 92
i1 9.250000 0.250000 20 1 1 92
i1 9.250000 0.250000 20 1 1 92
i1 9.250000 0.250000 21 1 1 92
i1 9.250000 0.250000 22 1 1 92
i1 9.250000 0.250000 22 1 1 92
i1 9.250000 0.250000 23 1 1 92
i1 9.250000 0.250000 24 1 1 92
i1 9.250000 0.250000 24 1 1 92
i1 9.250000 0.250000 25 1 1 92
i1 9.250000 0.250000 26 1 1 92
i1 9.250000 0.250000 26 1 1 92
i1 9.250000 0.250000 27 1 1 92
i1 9.250000 0.250000 28 1 1 92
i1 9.250000 0.250000 32 1 1 92
i1 9.250000 0.250000 33 1 1 92
i1 9.250000 0.250000 33 1 1 92
i1 9.250000 0.250000 34 1 1 92
i1 9.250000 0.250000 35 1 1 92
i1 9.500000 0.250000 17 1 1 95
i1 9.500000 0.250000 17 1 1 95
i1 9.500000 0.250000 18 1 1 95
i1 9.500000 0.250000 19 1 1 95
i1 9.500000 0.250000 19 1 1 95
i1 9.500000 0.250000 20 1 1 95
i1 9.500000 0.250000 20 1 1 95
i1 9.500000 0.250000 21 1 1 95
i1 9.500000 0.250000 22 1 1 95
i1 9.500000 0.250000 22 1 1 95
i1 9.500000 0.250000 23 1 1 95
i1 9.500000 0.250000 24 1 1 95
i1 9.500000 0.250000 24 1 1 95
i1 9.500000 0.250000 25 1 1 95
i1 9.500000 0.250000 26 1 1 95
i1 9.500000 0.250000 26 1 1 95
i1 9.500000 0.250000 27 1 1 95
i1 9.500000 0.250000 28 1 1 95
i1 9.500000 0.250000 31 1 1 95
i1 9.500000 0.250000 32 1 1 95
i1 9.500000 0.250000 33 1 1 95
i1 9.500000 0.250000 33 1 1 95
i1 9.500000 0.250000 34 1 1 95
i1 9.500000 0.250000 35 1 1 95
i1 9.750000 0.250000 17 1 1 97
i1 9.750000 0.250000 17 1 1 97
i1 9.750000 0.250000 18 1 1 97
i1 9.750000 0.250000 19 1 1 97
i1 9.750000 0.250000 19 1 1 97
i1 9.750000 0.250000 20 1 1 97
i1 9.750000 0.250000 20 1 1 97
i1 9.750000 0.250000 21 1 1 97
i1 9.750000 0.250000 22 1 1 97
i1 9.750000 0.250000 22 1 1 97
i1 9.750000 0.250000 23 1 1 97
i1 9.750000 0.250000 24 1 1 97
i1 9.750000 0.250000 24 1 1 97
i1 9.750000 0.250000 25 1 1 97
i1 9.750000 0.250000 26 1 1 97
i1 9.750000 0.250000 26 1 1 97
i1 9.750000 0.250000 27 1 1 97
i1 9.750000 0.250000 28 1 1 97
i1 9.750000 0.250000 31 1 1 97
i1 9.750000 0.250000 32 1 1 97
i1 9.750000 0.250000 33 1 1 97
i1 9.750000 0.250000 33 1 1 97
i1 9.750000 0.250000 34 1 1 97
i1 9.750000 0.250000 35 1 1 97
i1 10.000000 0.250000 16 1 1 100
i1 10.000000 0.250000 17 1 1 100
i1 10.000000 0.250000 17 1 1 100
i1 10.000000 0.250000 18 1 1 100
i1 10.000000 0.250000 19 1 1 100
i1 10.000000 0.250000 19 1 1 100
i1 10.000000 0.250000 20 1 1 100
i1 10.000000 0.250000 20 1 1 100
i1 10.000000 0.250000 21 1 1 100
i1 10.000000 0.250000 22 1 1 100
i1 10.000000 0.250000 22 1 1 100
i1 10.000000 0.250000 23 1 1 100
i1 10.000000 0.250000 24 1 1 100
i1 10.000000 0.250000 24 1 1 100
i1 10.000000 0.250000 25 1 1 100
i1 10.000000 0.250000 26 1 1 100
i1 10.000000 0.250000 26 1 1 100
i1 10.000000 0.250000 27 1 1 100
i1 10.000000 0.250000 31 1 1 100
i1 10.000000 0.250000 32 1 1 100
i1 10.000000 0.250000 33 1 1 100
i1 10.000000 0.250000 33 1 1 100
i1 10.000000 0.250000 34 1 1 100
i1 10.250000 0.250000 15 1 1 102
i1 10.250000 0.250000 16 1 1 102
i1 10.250000 0.250000 17 1 1 102
i1 10.250000 0.250000 18 1 1 102
i1 10.250000 0.250000 19 1 1 102
i1 10.250000 0.250000 19 1 1 102
i1 10.250000 0.250000 20 1 1 102
i1 10.250000 0.250000 20 1 1 102
i1 10.250000 0.250000 21 1 1 102
i1 10.250000 0.250000 31 1 1 102
i1 10.250000 0.250000 32 1 1 102
i1 10.250000 0.250000 33 1 1 102
i1 10.250000 0.250000 33 1 1 102
i1 10.250000 0.250000 34 1 1 102
i1 10.500000 0.250000 15 1 1 105
i1 10.500000 0.250000 16 1 1 105
i1 10.500000 0.250000 31 1 1 105
i1 10.500000 0.250000 32 1 1 105
i1 10.500000 0.250000 33 1 1 105
i1 10.500000 0.250000 33 1 1 105
i1 10.750000 0.250000 31 1 1 107
i1 10.750000 0.250000 32 1 1 107
i1 10.750000 0.250000 33 1 1 107
i1 10.750000 0.250000 33 1 1 107
i1 11.000000 0.250000 29 1 1 110
i1 11.000000 0.250000 29 1 1 110
i1 11.000000 0.250000 30 1 1 110
i1 11.000000 0.250000 31 1 1 110
i1 11.000000 0.250000 31 1 1 110
i1 11.000000 0.250000 32 1 1 110
i1 11.000000 0.250000 33 1 1 110
i1 11.250000 0.250000 26 1 1 112
i1 11.250000 0.250000 27 1 1 112
i1 11.250000 0.250000 28 1 1 112
i1 11.250000 0.250000 28 1 1 112
i1 11.250000 0.250000 29 1 1 112
i1 11.250000 0.250000 29 1 1 112
i1 11.250000 0.250000 30 1 1 112
i1 11.250000 0.250000 31 1 1 112
i1 11.250000 0.250000 31 1 1 112
i1 11.250000 0.250000 32 1 1 112
i1 11.500000 0.250000 22 1 1 115
i1 11.500000 0.250000 22 1 1 115
i1 11.500000 0.250000 23 1 1 115
i1 11.500000 0.250000 26 1 1 115
i1 11.500000 0.250000 27 1 1 115
i1 11.500000 0.250000 28 1 1 115
i1 11.500000 0.250000 28 1 1 115
i1 11.500000 0.250000 29 1 1 115
i1 11.500000 0.250000 29 1 1 115
i1 11.500000 0.250000 30 1 1 115
i1 11.500000 0.250000 31 1 1 115
i1 11.500000 0.250000 31 1 1 115
i1 11.750000 0.250000 27 1 1 117
i1 11.750000 0.250000 28 1 1 117
i1 11.750000 0.250000 28 1 1 117
i1 11.750000 0.250000 29 1 1 117
i1 11.750000 0.250000 29 1 1 117
i1 11.750000 0.250000 30 1 1 117
i1 11.750000 0.250000 31 1 1 117
i1 12.000000 0.250000 27 1 1 120
i1 12.000000 0.250000 28 1 1 120
i1 12.000000 0.250000 28 1 1 120
i1 12.000000 0.250000 29 1 1 120
i1 12.000000 0.250000 29 1 1 120
i1 12.250000 0.250000 28 1 1 122
i1 12.250000 0.250000 28 1 1 122
i1 12.250000 0.250000 29 1 1 122

</CsScore>
</CsoundSynthesizer>
