; James Keary - FROM THE HEADER FILE!
; General Midi Testing File - Write out Midi files for loading into a DAW, 
; can open output midi file (located in your username file) in Sibelius, 
; Finale, and Logic.  If opening in Finale, make sure to check the box 
; \"Channels Become Staves\" under import midi file options, so that the 
; channels will be split into different instruments. 
<CsoundSynthesizer>
<CsOptions>
-t60 -g -d -m0 -n
; -m0 suppresses f-tables displaying in terminal, --nosound no sound files 
; written, just a midi file written to your username file. 
</CsOptions>
<CsInstruments>

sr		=	44100
ksmps	=	100
nchnls	=	2
0dbfs	= 	1

#include "../CsoundFiles/Chromatic.txt"
;
#include "../CsoundFiles/MIDI.txt"
;
giVelocities ftgen 0, 0, -8, -2, 87, 88, 89, 90, 91, 92, 93, 94

$MIDI(1)
$MIDI(2)
$MIDI(3)
$MIDI(4)

</CsInstruments>
<CsScore>
; p1 - instrument, p2 - start time, p3 - duration, p4 - note index, p5 - velocity, p6 - channel number p7 - pan (btwn 0 and 127, where 64 is dead center, 0 is hard left and 127 is hard right)
i1 0.000000 12.000000 16 1 1 0
i1 0.000000 12.000000 17 1 1 0
i1 0.000000 12.000000 18 1 1 0
i2 0.000000 12.000000 18 1 2 0
i2 0.000000 12.000000 18 1 2 0
i2 0.000000 12.000000 17 1 2 0
i1 0.000000 12.000000 16 1 1 2
i1 0.000000 12.000000 17 1 1 2
i1 0.000000 12.000000 17 1 1 2
i1 0.000000 12.000000 18 1 1 2
i1 0.000000 12.000000 19 1 1 2
i2 0.000000 12.000000 20 1 2 2
i2 0.000000 12.000000 20 1 2 2
i2 0.000000 12.000000 20 1 2 2
i2 0.000000 12.000000 19 1 2 2
i1 0.000000 12.000000 17 1 1 4
i1 0.000000 12.000000 17 1 1 4
i1 0.000000 12.000000 17 1 1 4
i1 0.000000 12.000000 18 1 1 4
i2 0.000000 12.000000 19 1 2 4
i2 0.000000 12.000000 20 1 2 4
i2 0.000000 12.000000 21 1 2 4
i2 0.000000 12.000000 21 1 2 4
i2 0.000000 12.000000 20 1 2 4
i2 0.000000 12.000000 19 1 2 4
i2 0.000000 12.000000 17 1 2 4
i1 0.000000 12.000000 16 1 1 6
i1 0.000000 12.000000 17 1 1 6
i1 0.000000 12.000000 16 1 1 6
i1 0.000000 12.000000 17 1 1 6
i1 0.000000 12.000000 18 1 1 6
i2 0.000000 12.000000 19 1 2 6
i2 0.000000 12.000000 19 1 2 6
i2 0.000000 12.000000 20 1 2 6
i2 0.000000 12.000000 20 1 2 6
i2 0.000000 12.000000 20 1 2 6
i2 0.000000 12.000000 20 1 2 6
i2 0.000000 12.000000 20 1 2 6
i2 0.000000 12.000000 18 1 2 6
i1 0.000000 12.000000 16 1 1 8
i1 0.000000 12.000000 17 1 1 8
i1 0.000000 12.000000 17 1 1 8
i1 0.000000 12.000000 17 1 1 8
i1 0.000000 12.000000 18 1 1 8
i2 0.000000 12.000000 19 1 2 8
i2 0.000000 12.000000 19 1 2 8
i2 0.000000 12.000000 19 1 2 8
i2 0.000000 12.000000 19 1 2 8
i2 0.000000 12.000000 19 1 2 8
i2 0.000000 12.000000 19 1 2 8
i2 0.000000 12.000000 20 1 2 8
i2 0.000000 12.000000 20 1 2 8
i2 0.000000 12.000000 19 1 2 8
i2 0.000000 12.000000 17 1 2 8
i1 0.000000 12.000000 16 1 1 11
i1 0.000000 12.000000 16 1 1 11
i1 0.000000 12.000000 16 1 1 11
i1 0.000000 12.000000 16 1 1 11
i1 0.000000 12.000000 17 1 1 11
i1 0.000000 12.000000 17 1 1 11
i1 0.000000 12.000000 17 1 1 11
i1 0.000000 12.000000 18 1 1 11
i2 0.000000 12.000000 19 1 2 11
i2 0.000000 12.000000 20 1 2 11
i2 0.000000 12.000000 20 1 2 11
i2 0.000000 12.000000 19 1 2 11
i2 0.000000 12.000000 18 1 2 11
i2 0.000000 12.000000 17 1 2 11
i2 0.000000 12.000000 18 1 2 11
i2 0.000000 12.000000 19 1 2 11
i2 0.000000 12.000000 19 1 2 11
i2 0.000000 12.000000 18 1 2 11
i2 0.000000 12.000000 18 1 2 11
i2 0.000000 12.000000 18 1 2 11
i2 0.000000 12.000000 16 1 2 11
i1 0.000000 12.000000 17 1 1 13
i1 0.000000 12.000000 18 1 1 13
i1 0.000000 12.000000 18 1 1 13
i1 0.000000 12.000000 18 1 1 13
i1 0.000000 12.000000 18 1 1 13
i1 0.000000 12.000000 17 1 1 13
i1 0.000000 12.000000 17 1 1 13
i1 0.000000 12.000000 17 1 1 13
i1 0.000000 12.000000 17 1 1 13
i1 0.000000 12.000000 17 1 1 13
i1 0.000000 12.000000 18 1 1 13
i1 0.000000 12.000000 19 1 1 13
i2 0.000000 12.000000 20 1 2 13
i2 0.000000 12.000000 20 1 2 13
i2 0.000000 12.000000 20 1 2 13
i2 0.000000 12.000000 18 1 2 13
i2 0.000000 12.000000 17 1 2 13
i2 0.000000 12.000000 16 1 2 13
i2 0.000000 12.000000 16 1 2 13
i2 0.000000 12.000000 17 1 2 13
i2 0.000000 12.000000 17 1 2 13
i2 0.000000 12.000000 17 1 2 13
i2 0.000000 12.000000 18 1 2 13
i2 0.000000 12.000000 18 1 2 13
i2 0.000000 12.000000 18 1 2 13
i2 0.000000 12.000000 17 1 2 13
i1 0.000000 12.000000 17 1 1 15
i1 0.000000 12.000000 18 1 1 15
i1 0.000000 12.000000 19 1 1 15
i1 0.000000 12.000000 19 1 1 15
i1 0.000000 12.000000 18 1 1 15
i1 0.000000 12.000000 18 1 1 15
i1 0.000000 12.000000 18 1 1 15
i1 0.000000 12.000000 17 1 1 15
i1 0.000000 12.000000 17 1 1 15
i1 0.000000 12.000000 17 1 1 15
i1 0.000000 12.000000 17 1 1 15
i1 0.000000 12.000000 17 1 1 15
i1 0.000000 12.000000 18 1 1 15
i2 0.000000 12.000000 19 1 2 15
i2 0.000000 12.000000 19 1 2 15
i2 0.000000 12.000000 18 1 2 15
i2 0.000000 12.000000 17 1 2 15
i2 0.000000 12.000000 15 1 2 15
i2 0.000000 12.000000 15 1 2 15
i2 0.000000 12.000000 15 1 2 15
i2 0.000000 12.000000 15 1 2 15
i2 0.000000 12.000000 16 1 2 15
i2 0.000000 12.000000 16 1 2 15
i2 0.000000 12.000000 17 1 2 15
i2 0.000000 12.000000 18 1 2 15
i2 0.000000 12.000000 19 1 2 15
i2 0.000000 12.000000 19 1 2 15
i2 0.000000 12.000000 18 1 2 15
i1 0.000000 12.000000 17 1 1 17
i1 0.000000 12.000000 18 1 1 17
i1 0.000000 12.000000 19 1 1 17
i1 0.000000 12.000000 19 1 1 17
i1 0.000000 12.000000 18 1 1 17
i1 0.000000 12.000000 18 1 1 17
i1 0.000000 12.000000 17 1 1 17
i1 0.000000 12.000000 17 1 1 17
i1 0.000000 12.000000 17 1 1 17
i1 0.000000 12.000000 17 1 1 17
i1 0.000000 12.000000 17 1 1 17
i1 0.000000 12.000000 17 1 1 17
i1 0.000000 12.000000 17 1 1 17
i2 0.000000 12.000000 17 1 2 17
i2 0.000000 12.000000 17 1 2 17
i2 0.000000 12.000000 16 1 2 17
i2 0.000000 12.000000 15 1 2 17
i2 0.000000 12.000000 14 1 2 17
i2 0.000000 12.000000 14 1 2 17
i2 0.000000 12.000000 14 1 2 17
i2 0.000000 12.000000 15 1 2 17
i2 0.000000 12.000000 15 1 2 17
i2 0.000000 12.000000 16 1 2 17
i2 0.000000 12.000000 17 1 2 17
i2 0.000000 12.000000 19 1 2 17
i2 0.000000 12.000000 21 1 2 17
i2 0.000000 12.000000 22 1 2 17
i2 0.000000 12.000000 21 1 2 17
i2 0.000000 12.000000 18 1 2 17
i1 0.000000 12.000000 17 1 1 20
i1 0.000000 12.000000 18 1 1 20
i1 0.000000 12.000000 19 1 1 20
i1 0.000000 12.000000 18 1 1 20
i1 0.000000 12.000000 17 1 1 20
i1 0.000000 12.000000 17 1 1 20
i1 0.000000 12.000000 17 1 1 20
i1 0.000000 12.000000 18 1 1 20
i1 0.000000 12.000000 18 1 1 20
i1 0.000000 12.000000 17 1 1 20
i1 0.000000 12.000000 16 1 1 20
i1 0.000000 12.000000 16 1 1 20
i2 0.000000 12.000000 16 1 2 20
i2 0.000000 12.000000 16 1 2 20
i2 0.000000 12.000000 16 1 2 20
i2 0.000000 12.000000 15 1 2 20
i2 0.000000 12.000000 14 1 2 20
i2 0.000000 12.000000 14 1 2 20
i2 0.000000 12.000000 14 1 2 20
i2 0.000000 12.000000 15 1 2 20
i2 0.000000 12.000000 15 1 2 20
i2 0.000000 12.000000 15 1 2 20
i2 0.000000 12.000000 17 1 2 20
i2 0.000000 12.000000 19 1 2 20
i2 0.000000 12.000000 21 1 2 20
i2 0.000000 12.000000 23 1 2 20
i2 0.000000 12.000000 24 1 2 20
i2 0.000000 12.000000 23 1 2 20
i2 0.000000 12.000000 20 1 2 20
i2 0.000000 12.000000 18 1 2 20
i1 0.000000 12.000000 17 1 1 22
i1 0.000000 12.000000 17 1 1 22
i1 0.000000 12.000000 17 1 1 22
i1 0.000000 12.000000 18 1 1 22
i1 0.000000 12.000000 18 1 1 22
i1 0.000000 12.000000 18 1 1 22
i1 0.000000 12.000000 17 1 1 22
i1 0.000000 12.000000 17 1 1 22
i1 0.000000 12.000000 18 1 1 22
i1 0.000000 12.000000 18 1 1 22
i1 0.000000 12.000000 18 1 1 22
i1 0.000000 12.000000 17 1 1 22
i1 0.000000 12.000000 16 1 1 22
i1 0.000000 12.000000 16 1 1 22
i2 0.000000 12.000000 15 1 2 22
i2 0.000000 12.000000 16 1 2 22
i2 0.000000 12.000000 16 1 2 22
i2 0.000000 12.000000 16 1 2 22
i2 0.000000 12.000000 14 1 2 22
i2 0.000000 12.000000 14 1 2 22
i2 0.000000 12.000000 15 1 2 22
i2 0.000000 12.000000 15 1 2 22
i2 0.000000 12.000000 16 1 2 22
i2 0.000000 12.000000 16 1 2 22
i2 0.000000 12.000000 18 1 2 22
i2 0.000000 12.000000 20 1 2 22
i2 0.000000 12.000000 23 1 2 22
i2 0.000000 12.000000 25 1 2 22
i2 0.000000 12.000000 26 1 2 22
i2 0.000000 12.000000 25 1 2 22
i2 0.000000 12.000000 22 1 2 22
i2 0.000000 12.000000 20 1 2 22
i2 0.000000 12.000000 17 1 2 22
i1 0.000000 12.000000 16 1 1 24
i1 0.000000 12.000000 17 1 1 24
i1 0.000000 12.000000 18 1 1 24
i1 0.000000 12.000000 17 1 1 24
i1 0.000000 12.000000 18 1 1 24
i1 0.000000 12.000000 19 1 1 24
i1 0.000000 12.000000 18 1 1 24
i1 0.000000 12.000000 17 1 1 24
i1 0.000000 12.000000 17 1 1 24
i1 0.000000 12.000000 18 1 1 24
i1 0.000000 12.000000 18 1 1 24
i1 0.000000 12.000000 18 1 1 24
i1 0.000000 12.000000 18 1 1 24
i1 0.000000 12.000000 17 1 1 24
i1 0.000000 12.000000 17 1 1 24
i1 0.000000 12.000000 17 1 1 24
i2 0.000000 12.000000 17 1 2 24
i2 0.000000 12.000000 18 1 2 24
i2 0.000000 12.000000 18 1 2 24
i2 0.000000 12.000000 17 1 2 24
i2 0.000000 12.000000 15 1 2 24
i2 0.000000 12.000000 14 1 2 24
i2 0.000000 12.000000 15 1 2 24
i2 0.000000 12.000000 16 1 2 24
i2 0.000000 12.000000 16 1 2 24
i2 0.000000 12.000000 16 1 2 24
i2 0.000000 12.000000 18 1 2 24
i2 0.000000 12.000000 21 1 2 24
i2 0.000000 12.000000 24 1 2 24
i2 0.000000 12.000000 26 1 2 24
i2 0.000000 12.000000 27 1 2 24
i2 0.000000 12.000000 26 1 2 24
i2 0.000000 12.000000 24 1 2 24
i2 0.000000 12.000000 22 1 2 24
i2 0.000000 12.000000 19 1 2 24
i2 0.000000 12.000000 17 1 2 24
i1 0.000000 12.000000 17 1 1 26
i1 0.000000 12.000000 17 1 1 26
i1 0.000000 12.000000 17 1 1 26
i1 0.000000 12.000000 17 1 1 26
i1 0.000000 12.000000 17 1 1 26
i1 0.000000 12.000000 16 1 1 26
i1 0.000000 12.000000 18 1 1 26
i1 0.000000 12.000000 19 1 1 26
i1 0.000000 12.000000 18 1 1 26
i1 0.000000 12.000000 17 1 1 26
i1 0.000000 12.000000 17 1 1 26
i1 0.000000 12.000000 18 1 1 26
i1 0.000000 12.000000 19 1 1 26
i1 0.000000 12.000000 19 1 1 26
i1 0.000000 12.000000 18 1 1 26
i1 0.000000 12.000000 18 1 1 26
i1 0.000000 12.000000 18 1 1 26
i2 0.000000 12.000000 18 1 2 26
i2 0.000000 12.000000 19 1 2 26
i2 0.000000 12.000000 20 1 2 26
i2 0.000000 12.000000 21 1 2 26
i2 0.000000 12.000000 19 1 2 26
i2 0.000000 12.000000 16 1 2 26
i2 0.000000 12.000000 14 1 2 26
i2 0.000000 12.000000 15 1 2 26
i2 0.000000 12.000000 16 1 2 26
i2 0.000000 12.000000 16 1 2 26
i2 0.000000 12.000000 16 1 2 26
i2 0.000000 12.000000 17 1 2 26
i2 0.000000 12.000000 19 1 2 26
i2 0.000000 12.000000 22 1 2 26
i2 0.000000 12.000000 25 1 2 26
i2 0.000000 12.000000 26 1 2 26
i2 0.000000 12.000000 25 1 2 26
i2 0.000000 12.000000 24 1 2 26
i2 0.000000 12.000000 22 1 2 26
i2 0.000000 12.000000 20 1 2 26
i2 0.000000 12.000000 18 1 2 26
i2 0.000000 12.000000 17 1 2 26
i1 0.000000 12.000000 16 1 1 29
i1 0.000000 12.000000 16 1 1 29
i1 0.000000 12.000000 16 1 1 29
i1 0.000000 12.000000 16 1 1 29
i1 0.000000 12.000000 17 1 1 29
i1 0.000000 12.000000 17 1 1 29
i1 0.000000 12.000000 17 1 1 29
i1 0.000000 12.000000 17 1 1 29
i1 0.000000 12.000000 16 1 1 29
i1 0.000000 12.000000 17 1 1 29
i1 0.000000 12.000000 18 1 1 29
i1 0.000000 12.000000 19 1 1 29
i1 0.000000 12.000000 19 1 1 29
i1 0.000000 12.000000 18 1 1 29
i1 0.000000 12.000000 18 1 1 29
i1 0.000000 12.000000 19 1 1 29
i1 0.000000 12.000000 19 1 1 29
i1 0.000000 12.000000 19 1 1 29
i1 0.000000 12.000000 19 1 1 29
i1 0.000000 12.000000 19 1 1 29
i1 0.000000 12.000000 19 1 1 29
i2 0.000000 12.000000 19 1 2 29
i2 0.000000 12.000000 20 1 2 29
i2 0.000000 12.000000 21 1 2 29
i2 0.000000 12.000000 22 1 2 29
i2 0.000000 12.000000 20 1 2 29
i2 0.000000 12.000000 17 1 2 29
i2 0.000000 12.000000 15 1 2 29
i2 0.000000 12.000000 14 1 2 29
i2 0.000000 12.000000 15 1 2 29
i2 0.000000 12.000000 15 1 2 29
i2 0.000000 12.000000 15 1 2 29
i2 0.000000 12.000000 15 1 2 29
i2 0.000000 12.000000 17 1 2 29
i2 0.000000 12.000000 20 1 2 29
i2 0.000000 12.000000 22 1 2 29
i2 0.000000 12.000000 24 1 2 29
i2 0.000000 12.000000 24 1 2 29
i2 0.000000 12.000000 23 1 2 29
i2 0.000000 12.000000 21 1 2 29
i2 0.000000 12.000000 20 1 2 29
i2 0.000000 12.000000 19 1 2 29
i2 0.000000 12.000000 18 1 2 29
i1 0.000000 12.000000 16 1 1 31
i1 0.000000 12.000000 16 1 1 31
i1 0.000000 12.000000 16 1 1 31
i1 0.000000 12.000000 17 1 1 31
i1 0.000000 12.000000 17 1 1 31
i1 0.000000 12.000000 17 1 1 31
i1 0.000000 12.000000 16 1 1 31
i1 0.000000 12.000000 17 1 1 31
i1 0.000000 12.000000 18 1 1 31
i1 0.000000 12.000000 19 1 1 31
i1 0.000000 12.000000 19 1 1 31
i1 0.000000 12.000000 19 1 1 31
i1 0.000000 12.000000 19 1 1 31
i1 0.000000 12.000000 19 1 1 31
i1 0.000000 12.000000 19 1 1 31
i1 0.000000 12.000000 19 1 1 31
i1 0.000000 12.000000 20 1 1 31
i1 0.000000 12.000000 20 1 1 31
i1 0.000000 12.000000 20 1 1 31
i2 0.000000 12.000000 20 1 2 31
i2 0.000000 12.000000 20 1 2 31
i2 0.000000 12.000000 21 1 2 31
i2 0.000000 12.000000 22 1 2 31
i2 0.000000 12.000000 21 1 2 31
i2 0.000000 12.000000 18 1 2 31
i2 0.000000 12.000000 16 1 2 31
i2 0.000000 12.000000 14 1 2 31
i2 0.000000 12.000000 15 1 2 31
i2 0.000000 12.000000 15 1 2 31
i2 0.000000 12.000000 14 1 2 31
i2 0.000000 12.000000 14 1 2 31
i2 0.000000 12.000000 15 1 2 31
i2 0.000000 12.000000 17 1 2 31
i2 0.000000 12.000000 19 1 2 31
i2 0.000000 12.000000 21 1 2 31
i2 0.000000 12.000000 22 1 2 31
i2 0.000000 12.000000 22 1 2 31
i2 0.000000 12.000000 20 1 2 31
i2 0.000000 12.000000 19 1 2 31
i2 0.000000 12.000000 19 1 2 31
i2 0.000000 12.000000 19 1 2 31
i2 0.000000 12.000000 18 1 2 31
i1 0.000000 12.000000 16 1 1 33
i1 0.000000 12.000000 17 1 1 33
i1 0.000000 12.000000 17 1 1 33
i1 0.000000 12.000000 16 1 1 33
i1 0.000000 12.000000 17 1 1 33
i1 0.000000 12.000000 18 1 1 33
i1 0.000000 12.000000 18 1 1 33
i1 0.000000 12.000000 19 1 1 33
i1 0.000000 12.000000 19 1 1 33
i1 0.000000 12.000000 19 1 1 33
i1 0.000000 12.000000 19 1 1 33
i1 0.000000 12.000000 20 1 1 33
i1 0.000000 12.000000 20 1 1 33
i1 0.000000 12.000000 20 1 1 33
i1 0.000000 12.000000 21 1 1 33
i1 0.000000 12.000000 21 1 1 33
i2 0.000000 12.000000 21 1 2 33
i2 0.000000 12.000000 20 1 2 33
i2 0.000000 12.000000 21 1 2 33
i2 0.000000 12.000000 22 1 2 33
i2 0.000000 12.000000 21 1 2 33
i2 0.000000 12.000000 20 1 2 33
i2 0.000000 12.000000 17 1 2 33
i2 0.000000 12.000000 15 1 2 33
i2 0.000000 12.000000 14 1 2 33
i2 0.000000 12.000000 14 1 2 33
i2 0.000000 12.000000 14 1 2 33
i2 0.000000 12.000000 13 1 2 33
i2 0.000000 12.000000 13 1 2 33
i2 0.000000 12.000000 14 1 2 33
i2 0.000000 12.000000 16 1 2 33
i2 0.000000 12.000000 19 1 2 33
i2 0.000000 12.000000 20 1 2 33
i2 0.000000 12.000000 20 1 2 33
i2 0.000000 12.000000 19 1 2 33
i2 0.000000 12.000000 19 1 2 33
i2 0.000000 12.000000 19 1 2 33
i2 0.000000 12.000000 20 1 2 33
i2 0.000000 12.000000 19 1 2 33
i2 0.000000 12.000000 16 1 2 33
i1 0.000000 12.000000 16 1 1 35
i1 0.000000 12.000000 17 1 1 35
i1 0.000000 12.000000 18 1 1 35
i1 0.000000 12.000000 18 1 1 35
i1 0.000000 12.000000 19 1 1 35
i1 0.000000 12.000000 19 1 1 35
i1 0.000000 12.000000 19 1 1 35
i1 0.000000 12.000000 19 1 1 35
i1 0.000000 12.000000 19 1 1 35
i1 0.000000 12.000000 20 1 1 35
i1 0.000000 12.000000 20 1 1 35
i1 0.000000 12.000000 21 1 1 35
i2 0.000000 12.000000 21 1 2 35
i2 0.000000 12.000000 21 1 2 35
i2 0.000000 12.000000 20 1 2 35
i2 0.000000 12.000000 20 1 2 35
i2 0.000000 12.000000 21 1 2 35
i2 0.000000 12.000000 21 1 2 35
i2 0.000000 12.000000 20 1 2 35
i2 0.000000 12.000000 18 1 2 35
i2 0.000000 12.000000 16 1 2 35
i2 0.000000 12.000000 14 1 2 35
i2 0.000000 12.000000 13 1 2 35
i2 0.000000 12.000000 13 1 2 35
i2 0.000000 12.000000 13 1 2 35
i2 0.000000 12.000000 13 1 2 35
i2 0.000000 12.000000 13 1 2 35
i2 0.000000 12.000000 14 1 2 35
i2 0.000000 12.000000 16 1 2 35
i2 0.000000 12.000000 17 1 2 35
i2 0.000000 12.000000 18 1 2 35
i2 0.000000 12.000000 18 1 2 35
i2 0.000000 12.000000 19 1 2 35
i2 0.000000 12.000000 20 1 2 35
i2 0.000000 12.000000 21 1 2 35
i2 0.000000 12.000000 21 1 2 35
i2 0.000000 12.000000 19 1 2 35
i1 0.000000 12.000000 16 1 1 38
i1 0.000000 12.000000 18 1 1 38
i1 0.000000 12.000000 18 1 1 38
i1 0.000000 12.000000 19 1 1 38
i1 0.000000 12.000000 18 1 1 38
i1 0.000000 12.000000 18 1 1 38
i1 0.000000 12.000000 18 1 1 38
i1 0.000000 12.000000 18 1 1 38
i1 0.000000 12.000000 18 1 1 38
i1 0.000000 12.000000 19 1 1 38
i1 0.000000 12.000000 20 1 1 38
i1 0.000000 12.000000 21 1 1 38
i2 0.000000 12.000000 21 1 2 38
i2 0.000000 12.000000 21 1 2 38
i2 0.000000 12.000000 21 1 2 38
i2 0.000000 12.000000 21 1 2 38
i2 0.000000 12.000000 21 1 2 38
i2 0.000000 12.000000 20 1 2 38
i2 0.000000 12.000000 20 1 2 38
i2 0.000000 12.000000 19 1 2 38
i2 0.000000 12.000000 16 1 2 38
i2 0.000000 12.000000 14 1 2 38
i2 0.000000 12.000000 13 1 2 38
i2 0.000000 12.000000 13 1 2 38
i2 0.000000 12.000000 13 1 2 38
i2 0.000000 12.000000 13 1 2 38
i2 0.000000 12.000000 12 1 2 38
i2 0.000000 12.000000 13 1 2 38
i2 0.000000 12.000000 14 1 2 38
i2 0.000000 12.000000 15 1 2 38
i2 0.000000 12.000000 16 1 2 38
i2 0.000000 12.000000 17 1 2 38
i2 0.000000 12.000000 19 1 2 38
i2 0.000000 12.000000 21 1 2 38
i2 0.000000 12.000000 22 1 2 38
i2 0.000000 12.000000 22 1 2 38
i2 0.000000 12.000000 21 1 2 38
i2 0.000000 12.000000 17 1 2 38
i1 0.000000 12.000000 16 1 1 40
i1 0.000000 12.000000 18 1 1 40
i1 0.000000 12.000000 19 1 1 40
i1 0.000000 12.000000 19 1 1 40
i1 0.000000 12.000000 18 1 1 40
i1 0.000000 12.000000 18 1 1 40
i1 0.000000 12.000000 18 1 1 40
i1 0.000000 12.000000 19 1 1 40
i1 0.000000 12.000000 19 1 1 40
i1 0.000000 12.000000 19 1 1 40
i1 0.000000 12.000000 20 1 1 40
i1 0.000000 12.000000 20 1 1 40
i2 0.000000 12.000000 20 1 2 40
i2 0.000000 12.000000 21 1 2 40
i2 0.000000 12.000000 22 1 2 40
i2 0.000000 12.000000 21 1 2 40
i2 0.000000 12.000000 21 1 2 40
i2 0.000000 12.000000 20 1 2 40
i2 0.000000 12.000000 20 1 2 40
i2 0.000000 12.000000 19 1 2 40
i2 0.000000 12.000000 17 1 2 40
i2 0.000000 12.000000 14 1 2 40
i2 0.000000 12.000000 13 1 2 40
i2 0.000000 12.000000 13 1 2 40
i2 0.000000 12.000000 13 1 2 40
i2 0.000000 12.000000 13 1 2 40
i2 0.000000 12.000000 13 1 2 40
i2 0.000000 12.000000 13 1 2 40
i2 0.000000 12.000000 13 1 2 40
i2 0.000000 12.000000 14 1 2 40
i2 0.000000 12.000000 15 1 2 40
i2 0.000000 12.000000 18 1 2 40
i2 0.000000 12.000000 20 1 2 40
i2 0.000000 12.000000 22 1 2 40
i2 0.000000 12.000000 23 1 2 40
i2 0.000000 12.000000 24 1 2 40
i2 0.000000 12.000000 23 1 2 40
i2 0.000000 12.000000 20 1 2 40
i1 0.000000 12.000000 15 1 1 42
i1 0.000000 12.000000 17 1 1 42
i1 0.000000 12.000000 19 1 1 42
i1 0.000000 12.000000 19 1 1 42
i1 0.000000 12.000000 18 1 1 42
i1 0.000000 12.000000 18 1 1 42
i1 0.000000 12.000000 19 1 1 42
i1 0.000000 12.000000 19 1 1 42
i1 0.000000 12.000000 19 1 1 42
i1 0.000000 12.000000 19 1 1 42
i1 0.000000 12.000000 19 1 1 42
i1 0.000000 12.000000 20 1 1 42
i2 0.000000 12.000000 20 1 2 42
i2 0.000000 12.000000 20 1 2 42
i2 0.000000 12.000000 21 1 2 42
i2 0.000000 12.000000 21 1 2 42
i2 0.000000 12.000000 21 1 2 42
i2 0.000000 12.000000 21 1 2 42
i2 0.000000 12.000000 20 1 2 42
i2 0.000000 12.000000 20 1 2 42
i2 0.000000 12.000000 18 1 2 42
i2 0.000000 12.000000 15 1 2 42
i2 0.000000 12.000000 14 1 2 42
i2 0.000000 12.000000 13 1 2 42
i2 0.000000 12.000000 14 1 2 42
i2 0.000000 12.000000 15 1 2 42
i2 0.000000 12.000000 14 1 2 42
i2 0.000000 12.000000 14 1 2 42
i2 0.000000 12.000000 14 1 2 42
i2 0.000000 12.000000 15 1 2 42
i2 0.000000 12.000000 16 1 2 42
i2 0.000000 12.000000 18 1 2 42
i2 0.000000 12.000000 21 1 2 42
i2 0.000000 12.000000 23 1 2 42
i2 0.000000 12.000000 24 1 2 42
i2 0.000000 12.000000 25 1 2 42
i2 0.000000 12.000000 25 1 2 42
i2 0.000000 12.000000 22 1 2 42
i2 0.000000 12.000000 17 1 2 42
i1 0.000000 12.000000 13 1 1 44
i1 0.000000 12.000000 18 1 1 44
i1 0.000000 12.000000 19 1 1 44
i1 0.000000 12.000000 19 1 1 44
i1 0.000000 12.000000 19 1 1 44
i1 0.000000 12.000000 19 1 1 44
i1 0.000000 12.000000 20 1 1 44
i1 0.000000 12.000000 19 1 1 44
i1 0.000000 12.000000 19 1 1 44
i1 0.000000 12.000000 20 1 1 44
i1 0.000000 12.000000 20 1 1 44
i2 0.000000 12.000000 20 1 2 44
i2 0.000000 12.000000 20 1 2 44
i2 0.000000 12.000000 21 1 2 44
i2 0.000000 12.000000 21 1 2 44
i2 0.000000 12.000000 21 1 2 44
i2 0.000000 12.000000 21 1 2 44
i2 0.000000 12.000000 21 1 2 44
i2 0.000000 12.000000 20 1 2 44
i2 0.000000 12.000000 19 1 2 44
i2 0.000000 12.000000 16 1 2 44
i2 0.000000 12.000000 15 1 2 44
i2 0.000000 12.000000 14 1 2 44
i2 0.000000 12.000000 16 1 2 44
i2 0.000000 12.000000 16 1 2 44
i2 0.000000 12.000000 16 1 2 44
i2 0.000000 12.000000 16 1 2 44
i2 0.000000 12.000000 16 1 2 44
i2 0.000000 12.000000 17 1 2 44
i2 0.000000 12.000000 18 1 2 44
i2 0.000000 12.000000 20 1 2 44
i2 0.000000 12.000000 22 1 2 44
i2 0.000000 12.000000 24 1 2 44
i2 0.000000 12.000000 25 1 2 44
i2 0.000000 12.000000 26 1 2 44
i2 0.000000 12.000000 25 1 2 44
i2 0.000000 12.000000 23 1 2 44
i2 0.000000 12.000000 18 1 2 44
i1 0.000000 12.000000 12 1 1 47
i1 0.000000 12.000000 18 1 1 47
i1 0.000000 12.000000 19 1 1 47
i1 0.000000 12.000000 19 1 1 47
i1 0.000000 12.000000 19 1 1 47
i1 0.000000 12.000000 19 1 1 47
i1 0.000000 12.000000 20 1 1 47
i1 0.000000 12.000000 19 1 1 47
i1 0.000000 12.000000 19 1 1 47
i1 0.000000 12.000000 19 1 1 47
i1 0.000000 12.000000 20 1 1 47
i1 0.000000 12.000000 20 1 1 47
i2 0.000000 12.000000 20 1 2 47
i2 0.000000 12.000000 20 1 2 47
i2 0.000000 12.000000 20 1 2 47
i2 0.000000 12.000000 21 1 2 47
i2 0.000000 12.000000 21 1 2 47
i2 0.000000 12.000000 21 1 2 47
i2 0.000000 12.000000 20 1 2 47
i2 0.000000 12.000000 19 1 2 47
i2 0.000000 12.000000 18 1 2 47
i2 0.000000 12.000000 16 1 2 47
i2 0.000000 12.000000 16 1 2 47
i2 0.000000 12.000000 17 1 2 47
i2 0.000000 12.000000 18 1 2 47
i2 0.000000 12.000000 18 1 2 47
i2 0.000000 12.000000 18 1 2 47
i2 0.000000 12.000000 18 1 2 47
i2 0.000000 12.000000 19 1 2 47
i2 0.000000 12.000000 20 1 2 47
i2 0.000000 12.000000 22 1 2 47
i2 0.000000 12.000000 23 1 2 47
i2 0.000000 12.000000 24 1 2 47
i2 0.000000 12.000000 25 1 2 47
i2 0.000000 12.000000 26 1 2 47
i2 0.000000 12.000000 25 1 2 47
i2 0.000000 12.000000 23 1 2 47
i2 0.000000 12.000000 18 1 2 47
i1 0.000000 12.000000 11 1 1 49
i1 0.000000 12.000000 17 1 1 49
i1 0.000000 12.000000 19 1 1 49
i1 0.000000 12.000000 19 1 1 49
i1 0.000000 12.000000 19 1 1 49
i1 0.000000 12.000000 19 1 1 49
i1 0.000000 12.000000 19 1 1 49
i1 0.000000 12.000000 19 1 1 49
i1 0.000000 12.000000 19 1 1 49
i1 0.000000 12.000000 19 1 1 49
i1 0.000000 12.000000 19 1 1 49
i1 0.000000 12.000000 18 1 1 49
i1 0.000000 12.000000 19 1 1 49
i2 0.000000 12.000000 18 1 2 49
i2 0.000000 12.000000 19 1 2 49
i2 0.000000 12.000000 20 1 2 49
i2 0.000000 12.000000 21 1 2 49
i2 0.000000 12.000000 21 1 2 49
i2 0.000000 12.000000 20 1 2 49
i2 0.000000 12.000000 19 1 2 49
i2 0.000000 12.000000 19 1 2 49
i2 0.000000 12.000000 19 1 2 49
i2 0.000000 12.000000 18 1 2 49
i2 0.000000 12.000000 19 1 2 49
i2 0.000000 12.000000 20 1 2 49
i2 0.000000 12.000000 20 1 2 49
i2 0.000000 12.000000 20 1 2 49
i2 0.000000 12.000000 20 1 2 49
i2 0.000000 12.000000 21 1 2 49
i2 0.000000 12.000000 22 1 2 49
i2 0.000000 12.000000 23 1 2 49
i2 0.000000 12.000000 24 1 2 49
i2 0.000000 12.000000 24 1 2 49
i2 0.000000 12.000000 25 1 2 49
i2 0.000000 12.000000 25 1 2 49
i2 0.000000 12.000000 25 1 2 49
i2 0.000000 12.000000 23 1 2 49
i2 0.000000 12.000000 18 1 2 49
i1 0.000000 12.000000 11 1 1 51
i1 0.000000 12.000000 16 1 1 51
i1 0.000000 12.000000 18 1 1 51
i1 0.000000 12.000000 19 1 1 51
i1 0.000000 12.000000 19 1 1 51
i1 0.000000 12.000000 19 1 1 51
i1 0.000000 12.000000 19 1 1 51
i1 0.000000 12.000000 19 1 1 51
i1 0.000000 12.000000 19 1 1 51
i1 0.000000 12.000000 19 1 1 51
i1 0.000000 12.000000 18 1 1 51
i1 0.000000 12.000000 17 1 1 51
i1 0.000000 12.000000 17 1 1 51
i1 0.000000 12.000000 16 1 1 51
i2 0.000000 12.000000 16 1 2 51
i2 0.000000 12.000000 17 1 2 51
i2 0.000000 12.000000 19 1 2 51
i2 0.000000 12.000000 20 1 2 51
i2 0.000000 12.000000 20 1 2 51
i2 0.000000 12.000000 20 1 2 51
i2 0.000000 12.000000 20 1 2 51
i2 0.000000 12.000000 21 1 2 51
i2 0.000000 12.000000 22 1 2 51
i2 0.000000 12.000000 22 1 2 51
i2 0.000000 12.000000 23 1 2 51
i2 0.000000 12.000000 23 1 2 51
i2 0.000000 12.000000 23 1 2 51
i2 0.000000 12.000000 23 1 2 51
i2 0.000000 12.000000 23 1 2 51
i2 0.000000 12.000000 24 1 2 51
i2 0.000000 12.000000 25 1 2 51
i2 0.000000 12.000000 25 1 2 51
i2 0.000000 12.000000 25 1 2 51
i2 0.000000 12.000000 25 1 2 51
i2 0.000000 12.000000 25 1 2 51
i2 0.000000 12.000000 24 1 2 51
i2 0.000000 12.000000 22 1 2 51
i2 0.000000 12.000000 17 1 2 51
i1 0.000000 12.000000 11 1 1 53
i1 0.000000 12.000000 15 1 1 53
i1 0.000000 12.000000 17 1 1 53
i1 0.000000 12.000000 18 1 1 53
i1 0.000000 12.000000 19 1 1 53
i1 0.000000 12.000000 19 1 1 53
i1 0.000000 12.000000 20 1 1 53
i1 0.000000 12.000000 19 1 1 53
i1 0.000000 12.000000 19 1 1 53
i1 0.000000 12.000000 19 1 1 53
i1 0.000000 12.000000 18 1 1 53
i1 0.000000 12.000000 17 1 1 53
i1 0.000000 12.000000 16 1 1 53
i1 0.000000 12.000000 15 1 1 53
i1 0.000000 12.000000 14 1 1 53
i2 0.000000 12.000000 15 1 2 53
i2 0.000000 12.000000 17 1 2 53
i2 0.000000 12.000000 19 1 2 53
i2 0.000000 12.000000 20 1 2 53
i2 0.000000 12.000000 20 1 2 53
i2 0.000000 12.000000 21 1 2 53
i2 0.000000 12.000000 23 1 2 53
i2 0.000000 12.000000 25 1 2 53
i2 0.000000 12.000000 26 1 2 53
i2 0.000000 12.000000 26 1 2 53
i2 0.000000 12.000000 25 1 2 53
i2 0.000000 12.000000 25 1 2 53
i2 0.000000 12.000000 25 1 2 53
i2 0.000000 12.000000 25 1 2 53
i2 0.000000 12.000000 25 1 2 53
i2 0.000000 12.000000 25 1 2 53
i2 0.000000 12.000000 25 1 2 53
i2 0.000000 12.000000 25 1 2 53
i2 0.000000 12.000000 24 1 2 53
i2 0.000000 12.000000 24 1 2 53
i2 0.000000 12.000000 24 1 2 53
i2 0.000000 12.000000 20 1 2 53
i1 0.000000 12.000000 12 1 1 56
i1 0.000000 12.000000 14 1 1 56
i1 0.000000 12.000000 15 1 1 56
i1 0.000000 12.000000 17 1 1 56
i1 0.000000 12.000000 18 1 1 56
i1 0.000000 12.000000 19 1 1 56
i1 0.000000 12.000000 19 1 1 56
i1 0.000000 12.000000 19 1 1 56
i1 0.000000 12.000000 19 1 1 56
i1 0.000000 12.000000 19 1 1 56
i1 0.000000 12.000000 19 1 1 56
i1 0.000000 12.000000 18 1 1 56
i1 0.000000 12.000000 16 1 1 56
i1 0.000000 12.000000 14 1 1 56
i1 0.000000 12.000000 13 1 1 56
i1 0.000000 12.000000 14 1 1 56
i2 0.000000 12.000000 16 1 2 56
i2 0.000000 12.000000 18 1 2 56
i2 0.000000 12.000000 20 1 2 56
i2 0.000000 12.000000 21 1 2 56
i2 0.000000 12.000000 22 1 2 56
i2 0.000000 12.000000 25 1 2 56
i2 0.000000 12.000000 27 1 2 56
i2 0.000000 12.000000 27 1 2 56
i2 0.000000 12.000000 27 1 2 56
i2 0.000000 12.000000 26 1 2 56
i2 0.000000 12.000000 26 1 2 56
i2 0.000000 12.000000 27 1 2 56
i2 0.000000 12.000000 26 1 2 56
i2 0.000000 12.000000 26 1 2 56
i2 0.000000 12.000000 25 1 2 56
i2 0.000000 12.000000 24 1 2 56
i2 0.000000 12.000000 24 1 2 56
i2 0.000000 12.000000 23 1 2 56
i2 0.000000 12.000000 22 1 2 56
i2 0.000000 12.000000 20 1 2 56
i2 0.000000 12.000000 17 1 2 56
i1 0.000000 12.000000 13 1 1 58
i1 0.000000 12.000000 13 1 1 58
i1 0.000000 12.000000 13 1 1 58
i1 0.000000 12.000000 15 1 1 58
i1 0.000000 12.000000 16 1 1 58
i1 0.000000 12.000000 18 1 1 58
i1 0.000000 12.000000 19 1 1 58
i1 0.000000 12.000000 19 1 1 58
i1 0.000000 12.000000 19 1 1 58
i1 0.000000 12.000000 19 1 1 58
i1 0.000000 12.000000 18 1 1 58
i1 0.000000 12.000000 18 1 1 58
i1 0.000000 12.000000 16 1 1 58
i1 0.000000 12.000000 15 1 1 58
i1 0.000000 12.000000 13 1 1 58
i1 0.000000 12.000000 13 1 1 58
i1 0.000000 12.000000 14 1 1 58
i2 0.000000 12.000000 16 1 2 58
i2 0.000000 12.000000 19 1 2 58
i2 0.000000 12.000000 21 1 2 58
i2 0.000000 12.000000 23 1 2 58
i2 0.000000 12.000000 25 1 2 58
i2 0.000000 12.000000 26 1 2 58
i2 0.000000 12.000000 27 1 2 58
i2 0.000000 12.000000 26 1 2 58
i2 0.000000 12.000000 25 1 2 58
i2 0.000000 12.000000 26 1 2 58
i2 0.000000 12.000000 26 1 2 58
i2 0.000000 12.000000 26 1 2 58
i2 0.000000 12.000000 25 1 2 58
i2 0.000000 12.000000 24 1 2 58
i2 0.000000 12.000000 22 1 2 58
i2 0.000000 12.000000 21 1 2 58
i2 0.000000 12.000000 20 1 2 58
i2 0.000000 12.000000 18 1 2 58
i2 0.000000 12.000000 16 1 2 58
i2 0.000000 12.000000 13 1 2 58
i1 0.000000 12.000000 14 1 1 60
i1 0.000000 12.000000 12 1 1 60
i1 0.000000 12.000000 12 1 1 60
i1 0.000000 12.000000 13 1 1 60
i1 0.000000 12.000000 15 1 1 60
i1 0.000000 12.000000 17 1 1 60
i1 0.000000 12.000000 19 1 1 60
i1 0.000000 12.000000 19 1 1 60
i1 0.000000 12.000000 19 1 1 60
i1 0.000000 12.000000 19 1 1 60
i1 0.000000 12.000000 18 1 1 60
i1 0.000000 12.000000 18 1 1 60
i1 0.000000 12.000000 17 1 1 60
i1 0.000000 12.000000 15 1 1 60
i1 0.000000 12.000000 14 1 1 60
i1 0.000000 12.000000 12 1 1 60
i1 0.000000 12.000000 12 1 1 60
i1 0.000000 12.000000 14 1 1 60
i2 0.000000 12.000000 17 1 2 60
i2 0.000000 12.000000 20 1 2 60
i2 0.000000 12.000000 23 1 2 60
i2 0.000000 12.000000 24 1 2 60
i2 0.000000 12.000000 25 1 2 60
i2 0.000000 12.000000 24 1 2 60
i2 0.000000 12.000000 23 1 2 60
i2 0.000000 12.000000 22 1 2 60
i2 0.000000 12.000000 23 1 2 60
i2 0.000000 12.000000 24 1 2 60
i2 0.000000 12.000000 24 1 2 60
i2 0.000000 12.000000 23 1 2 60
i2 0.000000 12.000000 22 1 2 60
i2 0.000000 12.000000 20 1 2 60
i2 0.000000 12.000000 19 1 2 60
i2 0.000000 12.000000 17 1 2 60
i2 0.000000 12.000000 15 1 2 60
i2 0.000000 12.000000 13 1 2 60
i2 0.000000 12.000000 11 1 2 60
i1 0.000000 12.000000 15 1 1 62
i1 0.000000 12.000000 12 1 1 62
i1 0.000000 12.000000 11 1 1 62
i1 0.000000 12.000000 12 1 1 62
i1 0.000000 12.000000 16 1 1 62
i1 0.000000 12.000000 18 1 1 62
i1 0.000000 12.000000 20 1 1 62
i1 0.000000 12.000000 20 1 1 62
i1 0.000000 12.000000 20 1 1 62
i1 0.000000 12.000000 19 1 1 62
i1 0.000000 12.000000 19 1 1 62
i1 0.000000 12.000000 18 1 1 62
i1 0.000000 12.000000 17 1 1 62
i1 0.000000 12.000000 16 1 1 62
i1 0.000000 12.000000 14 1 1 62
i1 0.000000 12.000000 12 1 1 62
i1 0.000000 12.000000 11 1 1 62
i1 0.000000 12.000000 12 1 1 62
i1 0.000000 12.000000 14 1 1 62
i2 0.000000 12.000000 17 1 2 62
i2 0.000000 12.000000 21 1 2 62
i2 0.000000 12.000000 23 1 2 62
i2 0.000000 12.000000 23 1 2 62
i2 0.000000 12.000000 22 1 2 62
i2 0.000000 12.000000 21 1 2 62
i2 0.000000 12.000000 20 1 2 62
i2 0.000000 12.000000 20 1 2 62
i2 0.000000 12.000000 21 1 2 62
i2 0.000000 12.000000 22 1 2 62
i2 0.000000 12.000000 21 1 2 62
i2 0.000000 12.000000 21 1 2 62
i2 0.000000 12.000000 20 1 2 62
i2 0.000000 12.000000 18 1 2 62
i2 0.000000 12.000000 17 1 2 62
i2 0.000000 12.000000 15 1 2 62
i2 0.000000 12.000000 12 1 2 62
i2 0.000000 12.000000 10 1 2 62
i1 0.000000 12.000000 17 1 1 65
i1 0.000000 12.000000 16 1 1 65
i1 0.000000 12.000000 11 1 1 65
i1 0.000000 12.000000 11 1 1 65
i1 0.000000 12.000000 13 1 1 65
i1 0.000000 12.000000 16 1 1 65
i1 0.000000 12.000000 19 1 1 65
i1 0.000000 12.000000 20 1 1 65
i1 0.000000 12.000000 21 1 1 65
i1 0.000000 12.000000 20 1 1 65
i1 0.000000 12.000000 20 1 1 65
i1 0.000000 12.000000 19 1 1 65
i1 0.000000 12.000000 18 1 1 65
i1 0.000000 12.000000 17 1 1 65
i1 0.000000 12.000000 16 1 1 65
i1 0.000000 12.000000 15 1 1 65
i1 0.000000 12.000000 13 1 1 65
i1 0.000000 12.000000 11 1 1 65
i1 0.000000 12.000000 10 1 1 65
i1 0.000000 12.000000 11 1 1 65
i1 0.000000 12.000000 14 1 1 65
i2 0.000000 12.000000 19 1 2 65
i2 0.000000 12.000000 22 1 2 65
i2 0.000000 12.000000 23 1 2 65
i2 0.000000 12.000000 22 1 2 65
i2 0.000000 12.000000 21 1 2 65
i2 0.000000 12.000000 20 1 2 65
i2 0.000000 12.000000 20 1 2 65
i2 0.000000 12.000000 20 1 2 65
i2 0.000000 12.000000 21 1 2 65
i2 0.000000 12.000000 21 1 2 65
i2 0.000000 12.000000 21 1 2 65
i2 0.000000 12.000000 21 1 2 65
i2 0.000000 12.000000 20 1 2 65
i2 0.000000 12.000000 18 1 2 65
i2 0.000000 12.000000 16 1 2 65
i2 0.000000 12.000000 14 1 2 65
i2 0.000000 12.000000 11 1 2 65
i1 0.000000 12.000000 17 1 1 67
i1 0.000000 12.000000 17 1 1 67
i1 0.000000 12.000000 11 1 1 67
i1 0.000000 12.000000 10 1 1 67
i1 0.000000 12.000000 13 1 1 67
i1 0.000000 12.000000 16 1 1 67
i1 0.000000 12.000000 19 1 1 67
i1 0.000000 12.000000 20 1 1 67
i1 0.000000 12.000000 21 1 1 67
i1 0.000000 12.000000 21 1 1 67
i1 0.000000 12.000000 20 1 1 67
i1 0.000000 12.000000 19 1 1 67
i1 0.000000 12.000000 18 1 1 67
i1 0.000000 12.000000 17 1 1 67
i1 0.000000 12.000000 17 1 1 67
i1 0.000000 12.000000 15 1 1 67
i1 0.000000 12.000000 13 1 1 67
i1 0.000000 12.000000 11 1 1 67
i1 0.000000 12.000000 10 1 1 67
i1 0.000000 12.000000 10 1 1 67
i1 0.000000 12.000000 13 1 1 67
i1 0.000000 12.000000 16 1 1 67
i2 0.000000 12.000000 20 1 2 67
i2 0.000000 12.000000 22 1 2 67
i2 0.000000 12.000000 23 1 2 67
i2 0.000000 12.000000 23 1 2 67
i2 0.000000 12.000000 23 1 2 67
i2 0.000000 12.000000 22 1 2 67
i2 0.000000 12.000000 23 1 2 67
i2 0.000000 12.000000 23 1 2 67
i2 0.000000 12.000000 23 1 2 67
i2 0.000000 12.000000 22 1 2 67
i2 0.000000 12.000000 23 1 2 67
i2 0.000000 12.000000 22 1 2 67
i2 0.000000 12.000000 21 1 2 67
i2 0.000000 12.000000 19 1 2 67
i2 0.000000 12.000000 17 1 2 67
i2 0.000000 12.000000 14 1 2 67
i1 0.000000 12.000000 16 1 1 69
i1 0.000000 12.000000 16 1 1 69
i1 0.000000 12.000000 11 1 1 69
i1 0.000000 12.000000 10 1 1 69
i1 0.000000 12.000000 12 1 1 69
i1 0.000000 12.000000 16 1 1 69
i1 0.000000 12.000000 18 1 1 69
i1 0.000000 12.000000 20 1 1 69
i1 0.000000 12.000000 21 1 1 69
i1 0.000000 12.000000 20 1 1 69
i1 0.000000 12.000000 20 1 1 69
i1 0.000000 12.000000 19 1 1 69
i1 0.000000 12.000000 18 1 1 69
i1 0.000000 12.000000 17 1 1 69
i1 0.000000 12.000000 17 1 1 69
i1 0.000000 12.000000 15 1 1 69
i1 0.000000 12.000000 13 1 1 69
i1 0.000000 12.000000 10 1 1 69
i1 0.000000 12.000000 10 1 1 69
i1 0.000000 12.000000 11 1 1 69
i1 0.000000 12.000000 13 1 1 69
i2 0.000000 12.000000 17 1 2 69
i2 0.000000 12.000000 20 1 2 69
i2 0.000000 12.000000 23 1 2 69
i2 0.000000 12.000000 24 1 2 69
i2 0.000000 12.000000 26 1 2 69
i2 0.000000 12.000000 26 1 2 69
i2 0.000000 12.000000 26 1 2 69
i2 0.000000 12.000000 25 1 2 69
i2 0.000000 12.000000 25 1 2 69
i2 0.000000 12.000000 24 1 2 69
i2 0.000000 12.000000 23 1 2 69
i2 0.000000 12.000000 23 1 2 69
i2 0.000000 12.000000 23 1 2 69
i2 0.000000 12.000000 22 1 2 69
i2 0.000000 12.000000 20 1 2 69
i2 0.000000 12.000000 18 1 2 69
i2 0.000000 12.000000 15 1 2 69
i1 0.000000 12.000000 11 1 1 71
i1 0.000000 12.000000 11 1 1 71
i1 0.000000 12.000000 12 1 1 71
i1 0.000000 12.000000 16 1 1 71
i1 0.000000 12.000000 18 1 1 71
i1 0.000000 12.000000 20 1 1 71
i1 0.000000 12.000000 20 1 1 71
i1 0.000000 12.000000 20 1 1 71
i1 0.000000 12.000000 19 1 1 71
i1 0.000000 12.000000 19 1 1 71
i1 0.000000 12.000000 18 1 1 71
i1 0.000000 12.000000 18 1 1 71
i1 0.000000 12.000000 16 1 1 71
i1 0.000000 12.000000 15 1 1 71
i1 0.000000 12.000000 12 1 1 71
i1 0.000000 12.000000 10 1 1 71
i1 0.000000 12.000000 10 1 1 71
i1 0.000000 12.000000 12 1 1 71
i2 0.000000 12.000000 15 1 2 71
i2 0.000000 12.000000 18 1 2 71
i2 0.000000 12.000000 21 1 2 71
i2 0.000000 12.000000 23 1 2 71
i2 0.000000 12.000000 24 1 2 71
i2 0.000000 12.000000 26 1 2 71
i2 0.000000 12.000000 27 1 2 71
i2 0.000000 12.000000 27 1 2 71
i2 0.000000 12.000000 26 1 2 71
i2 0.000000 12.000000 26 1 2 71
i2 0.000000 12.000000 24 1 2 71
i2 0.000000 12.000000 22 1 2 71
i2 0.000000 12.000000 21 1 2 71
i2 0.000000 12.000000 20 1 2 71
i2 0.000000 12.000000 20 1 2 71
i2 0.000000 12.000000 19 1 2 71
i2 0.000000 12.000000 18 1 2 71
i2 0.000000 12.000000 16 1 2 71
i1 0.000000 12.000000 11 1 1 74
i1 0.000000 12.000000 11 1 1 74
i1 0.000000 12.000000 14 1 1 74
i1 0.000000 12.000000 17 1 1 74
i1 0.000000 12.000000 19 1 1 74
i1 0.000000 12.000000 19 1 1 74
i1 0.000000 12.000000 19 1 1 74
i1 0.000000 12.000000 19 1 1 74
i1 0.000000 12.000000 19 1 1 74
i1 0.000000 12.000000 19 1 1 74
i1 0.000000 12.000000 18 1 1 74
i1 0.000000 12.000000 18 1 1 74
i1 0.000000 12.000000 16 1 1 74
i1 0.000000 12.000000 14 1 1 74
i1 0.000000 12.000000 12 1 1 74
i1 0.000000 12.000000 11 1 1 74
i2 0.000000 12.000000 11 1 2 74
i2 0.000000 12.000000 14 1 2 74
i2 0.000000 12.000000 18 1 2 74
i2 0.000000 12.000000 20 1 2 74
i2 0.000000 12.000000 22 1 2 74
i2 0.000000 12.000000 23 1 2 74
i2 0.000000 12.000000 24 1 2 74
i2 0.000000 12.000000 25 1 2 74
i2 0.000000 12.000000 26 1 2 74
i2 0.000000 12.000000 27 1 2 74
i2 0.000000 12.000000 27 1 2 74
i2 0.000000 12.000000 26 1 2 74
i2 0.000000 12.000000 23 1 2 74
i2 0.000000 12.000000 21 1 2 74
i2 0.000000 12.000000 18 1 2 74
i2 0.000000 12.000000 17 1 2 74
i2 0.000000 12.000000 18 1 2 74
i2 0.000000 12.000000 18 1 2 74
i2 0.000000 12.000000 18 1 2 74
i2 0.000000 12.000000 17 1 2 74
i1 0.000000 12.000000 11 1 1 76
i1 0.000000 12.000000 13 1 1 76
i1 0.000000 12.000000 16 1 1 76
i1 0.000000 12.000000 18 1 1 76
i1 0.000000 12.000000 19 1 1 76
i1 0.000000 12.000000 19 1 1 76
i1 0.000000 12.000000 19 1 1 76
i1 0.000000 12.000000 19 1 1 76
i1 0.000000 12.000000 19 1 1 76
i1 0.000000 12.000000 18 1 1 76
i1 0.000000 12.000000 18 1 1 76
i1 0.000000 12.000000 17 1 1 76
i1 0.000000 12.000000 16 1 1 76
i1 0.000000 12.000000 14 1 1 76
i1 0.000000 12.000000 13 1 1 76
i2 0.000000 12.000000 12 1 2 76
i2 0.000000 12.000000 14 1 2 76
i2 0.000000 12.000000 17 1 2 76
i2 0.000000 12.000000 20 1 2 76
i2 0.000000 12.000000 21 1 2 76
i2 0.000000 12.000000 22 1 2 76
i2 0.000000 12.000000 22 1 2 76
i2 0.000000 12.000000 22 1 2 76
i2 0.000000 12.000000 24 1 2 76
i2 0.000000 12.000000 25 1 2 76
i2 0.000000 12.000000 26 1 2 76
i2 0.000000 12.000000 26 1 2 76
i2 0.000000 12.000000 25 1 2 76
i2 0.000000 12.000000 23 1 2 76
i2 0.000000 12.000000 19 1 2 76
i2 0.000000 12.000000 16 1 2 76
i2 0.000000 12.000000 14 1 2 76
i2 0.000000 12.000000 15 1 2 76
i2 0.000000 12.000000 16 1 2 76
i2 0.000000 12.000000 18 1 2 76
i2 0.000000 12.000000 18 1 2 76
i1 0.000000 12.000000 13 1 1 78
i1 0.000000 12.000000 16 1 1 78
i1 0.000000 12.000000 18 1 1 78
i1 0.000000 12.000000 19 1 1 78
i1 0.000000 12.000000 19 1 1 78
i1 0.000000 12.000000 19 1 1 78
i1 0.000000 12.000000 19 1 1 78
i1 0.000000 12.000000 19 1 1 78
i1 0.000000 12.000000 18 1 1 78
i1 0.000000 12.000000 18 1 1 78
i1 0.000000 12.000000 18 1 1 78
i1 0.000000 12.000000 17 1 1 78
i1 0.000000 12.000000 16 1 1 78
i2 0.000000 12.000000 15 1 2 78
i2 0.000000 12.000000 14 1 2 78
i2 0.000000 12.000000 14 1 2 78
i2 0.000000 12.000000 16 1 2 78
i2 0.000000 12.000000 19 1 2 78
i2 0.000000 12.000000 21 1 2 78
i2 0.000000 12.000000 22 1 2 78
i2 0.000000 12.000000 22 1 2 78
i2 0.000000 12.000000 21 1 2 78
i2 0.000000 12.000000 21 1 2 78
i2 0.000000 12.000000 22 1 2 78
i2 0.000000 12.000000 24 1 2 78
i2 0.000000 12.000000 25 1 2 78
i2 0.000000 12.000000 25 1 2 78
i2 0.000000 12.000000 24 1 2 78
i2 0.000000 12.000000 21 1 2 78
i2 0.000000 12.000000 17 1 2 78
i2 0.000000 12.000000 14 1 2 78
i2 0.000000 12.000000 13 1 2 78
i2 0.000000 12.000000 14 1 2 78
i2 0.000000 12.000000 15 1 2 78
i2 0.000000 12.000000 18 1 2 78
i2 0.000000 12.000000 18 1 2 78
i1 0.000000 12.000000 16 1 1 80
i1 0.000000 12.000000 18 1 1 80
i1 0.000000 12.000000 19 1 1 80
i1 0.000000 12.000000 19 1 1 80
i1 0.000000 12.000000 19 1 1 80
i1 0.000000 12.000000 19 1 1 80
i1 0.000000 12.000000 19 1 1 80
i1 0.000000 12.000000 19 1 1 80
i1 0.000000 12.000000 18 1 1 80
i1 0.000000 12.000000 18 1 1 80
i1 0.000000 12.000000 17 1 1 80
i1 0.000000 12.000000 17 1 1 80
i2 0.000000 12.000000 16 1 2 80
i2 0.000000 12.000000 16 1 2 80
i2 0.000000 12.000000 16 1 2 80
i2 0.000000 12.000000 17 1 2 80
i2 0.000000 12.000000 18 1 2 80
i2 0.000000 12.000000 21 1 2 80
i2 0.000000 12.000000 22 1 2 80
i2 0.000000 12.000000 22 1 2 80
i2 0.000000 12.000000 21 1 2 80
i2 0.000000 12.000000 20 1 2 80
i2 0.000000 12.000000 19 1 2 80
i2 0.000000 12.000000 19 1 2 80
i2 0.000000 12.000000 21 1 2 80
i2 0.000000 12.000000 22 1 2 80
i2 0.000000 12.000000 22 1 2 80
i2 0.000000 12.000000 20 1 2 80
i2 0.000000 12.000000 17 1 2 80
i2 0.000000 12.000000 14 1 2 80
i2 0.000000 12.000000 12 1 2 80
i2 0.000000 12.000000 12 1 2 80
i2 0.000000 12.000000 13 1 2 80
i2 0.000000 12.000000 15 1 2 80
i2 0.000000 12.000000 18 1 2 80
i2 0.000000 12.000000 19 1 2 80
i1 0.000000 12.000000 17 1 1 83
i1 0.000000 12.000000 19 1 1 83
i1 0.000000 12.000000 19 1 1 83
i1 0.000000 12.000000 19 1 1 83
i1 0.000000 12.000000 19 1 1 83
i1 0.000000 12.000000 19 1 1 83
i1 0.000000 12.000000 18 1 1 83
i1 0.000000 12.000000 18 1 1 83
i1 0.000000 12.000000 18 1 1 83
i1 0.000000 12.000000 17 1 1 83
i1 0.000000 12.000000 17 1 1 83
i2 0.000000 12.000000 17 1 2 83
i2 0.000000 12.000000 16 1 2 83
i2 0.000000 12.000000 17 1 2 83
i2 0.000000 12.000000 17 1 2 83
i2 0.000000 12.000000 18 1 2 83
i2 0.000000 12.000000 20 1 2 83
i2 0.000000 12.000000 21 1 2 83
i2 0.000000 12.000000 22 1 2 83
i2 0.000000 12.000000 22 1 2 83
i2 0.000000 12.000000 20 1 2 83
i2 0.000000 12.000000 19 1 2 83
i2 0.000000 12.000000 17 1 2 83
i2 0.000000 12.000000 16 1 2 83
i2 0.000000 12.000000 17 1 2 83
i2 0.000000 12.000000 18 1 2 83
i2 0.000000 12.000000 18 1 2 83
i2 0.000000 12.000000 16 1 2 83
i2 0.000000 12.000000 14 1 2 83
i2 0.000000 12.000000 12 1 2 83
i2 0.000000 12.000000 12 1 2 83
i2 0.000000 12.000000 13 1 2 83
i2 0.000000 12.000000 14 1 2 83
i2 0.000000 12.000000 16 1 2 83
i2 0.000000 12.000000 18 1 2 83
i2 0.000000 12.000000 19 1 2 83
i1 0.000000 12.000000 18 1 1 85
i1 0.000000 12.000000 19 1 1 85
i1 0.000000 12.000000 19 1 1 85
i1 0.000000 12.000000 19 1 1 85
i1 0.000000 12.000000 18 1 1 85
i1 0.000000 12.000000 18 1 1 85
i1 0.000000 12.000000 17 1 1 85
i1 0.000000 12.000000 17 1 1 85
i1 0.000000 12.000000 17 1 1 85
i2 0.000000 12.000000 17 1 2 85
i2 0.000000 12.000000 17 1 2 85
i2 0.000000 12.000000 17 1 2 85
i2 0.000000 12.000000 18 1 2 85
i2 0.000000 12.000000 18 1 2 85
i2 0.000000 12.000000 19 1 2 85
i2 0.000000 12.000000 19 1 2 85
i2 0.000000 12.000000 20 1 2 85
i2 0.000000 12.000000 22 1 2 85
i2 0.000000 12.000000 22 1 2 85
i2 0.000000 12.000000 21 1 2 85
i2 0.000000 12.000000 19 1 2 85
i2 0.000000 12.000000 17 1 2 85
i2 0.000000 12.000000 15 1 2 85
i2 0.000000 12.000000 13 1 2 85
i2 0.000000 12.000000 13 1 2 85
i2 0.000000 12.000000 14 1 2 85
i2 0.000000 12.000000 13 1 2 85
i2 0.000000 12.000000 12 1 2 85
i2 0.000000 12.000000 11 1 2 85
i2 0.000000 12.000000 12 1 2 85
i2 0.000000 12.000000 14 1 2 85
i2 0.000000 12.000000 15 1 2 85
i2 0.000000 12.000000 16 1 2 85
i2 0.000000 12.000000 16 1 2 85
i2 0.000000 12.000000 18 1 2 85
i2 0.000000 12.000000 19 1 2 85
i1 0.000000 12.000000 17 1 1 87
i1 0.000000 12.000000 18 1 1 87
i1 0.000000 12.000000 19 1 1 87
i1 0.000000 12.000000 19 1 1 87
i1 0.000000 12.000000 18 1 1 87
i1 0.000000 12.000000 17 1 1 87
i1 0.000000 12.000000 17 1 1 87
i1 0.000000 12.000000 17 1 1 87
i2 0.000000 12.000000 17 1 2 87
i2 0.000000 12.000000 17 1 2 87
i2 0.000000 12.000000 17 1 2 87
i2 0.000000 12.000000 18 1 2 87
i2 0.000000 12.000000 19 1 2 87
i2 0.000000 12.000000 20 1 2 87
i2 0.000000 12.000000 20 1 2 87
i2 0.000000 12.000000 20 1 2 87
i2 0.000000 12.000000 20 1 2 87
i2 0.000000 12.000000 22 1 2 87
i2 0.000000 12.000000 22 1 2 87
i2 0.000000 12.000000 20 1 2 87
i2 0.000000 12.000000 17 1 2 87
i2 0.000000 12.000000 15 1 2 87
i2 0.000000 12.000000 12 1 2 87
i2 0.000000 12.000000 11 1 2 87
i2 0.000000 12.000000 11 1 2 87
i2 0.000000 12.000000 11 1 2 87
i2 0.000000 12.000000 10 1 2 87
i2 0.000000 12.000000 10 1 2 87
i2 0.000000 12.000000 11 1 2 87
i2 0.000000 12.000000 13 1 2 87
i2 0.000000 12.000000 16 1 2 87
i2 0.000000 12.000000 17 1 2 87
i2 0.000000 12.000000 17 1 2 87
i2 0.000000 12.000000 17 1 2 87
i2 0.000000 12.000000 19 1 2 87
i2 0.000000 12.000000 19 1 2 87
i1 0.000000 12.000000 16 1 1 89
i1 0.000000 12.000000 17 1 1 89
i1 0.000000 12.000000 18 1 1 89
i1 0.000000 12.000000 18 1 1 89
i1 0.000000 12.000000 17 1 1 89
i2 0.000000 12.000000 17 1 2 89
i2 0.000000 12.000000 17 1 2 89
i2 0.000000 12.000000 17 1 2 89
i2 0.000000 12.000000 18 1 2 89
i2 0.000000 12.000000 19 1 2 89
i2 0.000000 12.000000 21 1 2 89
i2 0.000000 12.000000 21 1 2 89
i2 0.000000 12.000000 21 1 2 89
i2 0.000000 12.000000 20 1 2 89
i2 0.000000 12.000000 20 1 2 89
i2 0.000000 12.000000 21 1 2 89
i2 0.000000 12.000000 22 1 2 89
i2 0.000000 12.000000 19 1 2 89
i2 0.000000 12.000000 15 1 2 89
i2 0.000000 12.000000 12 1 2 89
i2 0.000000 12.000000 10 1 2 89
i2 0.000000 12.000000 9 1 2 89
i2 0.000000 12.000000 9 1 2 89
i2 0.000000 12.000000 9 1 2 89
i2 0.000000 12.000000 9 1 2 89
i2 0.000000 12.000000 10 1 2 89
i2 0.000000 12.000000 12 1 2 89
i2 0.000000 12.000000 16 1 2 89
i2 0.000000 12.000000 19 1 2 89
i2 0.000000 12.000000 19 1 2 89
i2 0.000000 12.000000 18 1 2 89
i2 0.000000 12.000000 18 1 2 89
i2 0.000000 12.000000 19 1 2 89
i2 0.000000 12.000000 19 1 2 89
i1 0.000000 12.000000 17 1 1 92
i1 0.000000 12.000000 16 1 1 92
i2 0.000000 12.000000 16 1 2 92
i2 0.000000 12.000000 17 1 2 92
i2 0.000000 12.000000 17 1 2 92
i2 0.000000 12.000000 18 1 2 92
i2 0.000000 12.000000 20 1 2 92
i2 0.000000 12.000000 21 1 2 92
i2 0.000000 12.000000 21 1 2 92
i2 0.000000 12.000000 21 1 2 92
i2 0.000000 12.000000 20 1 2 92
i2 0.000000 12.000000 20 1 2 92
i2 0.000000 12.000000 20 1 2 92
i2 0.000000 12.000000 20 1 2 92
i2 0.000000 12.000000 18 1 2 92
i2 0.000000 12.000000 14 1 2 92
i2 0.000000 12.000000 10 1 2 92
i2 0.000000 12.000000 9 1 2 92
i2 0.000000 12.000000 8 1 2 92
i2 0.000000 12.000000 8 1 2 92
i2 0.000000 12.000000 8 1 2 92
i2 0.000000 12.000000 9 1 2 92
i2 0.000000 12.000000 11 1 2 92
i2 0.000000 12.000000 15 1 2 92
i2 0.000000 12.000000 19 1 2 92
i2 0.000000 12.000000 21 1 2 92
i2 0.000000 12.000000 20 1 2 92
i2 0.000000 12.000000 19 1 2 92
i2 0.000000 12.000000 19 1 2 92
i2 0.000000 12.000000 20 1 2 92
i2 0.000000 12.000000 18 1 2 92
i2 0.000000 12.000000 17 1 2 94
i2 0.000000 12.000000 18 1 2 94
i2 0.000000 12.000000 19 1 2 94
i2 0.000000 12.000000 20 1 2 94
i2 0.000000 12.000000 21 1 2 94
i2 0.000000 12.000000 21 1 2 94
i2 0.000000 12.000000 21 1 2 94
i2 0.000000 12.000000 19 1 2 94
i2 0.000000 12.000000 18 1 2 94
i2 0.000000 12.000000 19 1 2 94
i2 0.000000 12.000000 18 1 2 94
i2 0.000000 12.000000 15 1 2 94
i2 0.000000 12.000000 12 1 2 94
i2 0.000000 12.000000 10 1 2 94
i2 0.000000 12.000000 9 1 2 94
i2 0.000000 12.000000 8 1 2 94
i2 0.000000 12.000000 8 1 2 94
i2 0.000000 12.000000 8 1 2 94
i2 0.000000 12.000000 10 1 2 94
i2 0.000000 12.000000 13 1 2 94
i2 0.000000 12.000000 18 1 2 94
i2 0.000000 12.000000 21 1 2 94
i2 0.000000 12.000000 22 1 2 94
i2 0.000000 12.000000 21 1 2 94
i2 0.000000 12.000000 20 1 2 94
i2 0.000000 12.000000 20 1 2 94
i2 0.000000 12.000000 20 1 2 94
i2 0.000000 12.000000 17 1 2 94
i2 0.000000 12.000000 17 1 2 96
i2 0.000000 12.000000 18 1 2 96
i2 0.000000 12.000000 20 1 2 96
i2 0.000000 12.000000 20 1 2 96
i2 0.000000 12.000000 21 1 2 96
i2 0.000000 12.000000 21 1 2 96
i2 0.000000 12.000000 21 1 2 96
i2 0.000000 12.000000 19 1 2 96
i2 0.000000 12.000000 17 1 2 96
i2 0.000000 12.000000 17 1 2 96
i2 0.000000 12.000000 16 1 2 96
i2 0.000000 12.000000 14 1 2 96
i2 0.000000 12.000000 12 1 2 96
i2 0.000000 12.000000 10 1 2 96
i2 0.000000 12.000000 9 1 2 96
i2 0.000000 12.000000 8 1 2 96
i2 0.000000 12.000000 8 1 2 96
i2 0.000000 12.000000 9 1 2 96
i2 0.000000 12.000000 12 1 2 96
i2 0.000000 12.000000 16 1 2 96
i2 0.000000 12.000000 20 1 2 96
i2 0.000000 12.000000 22 1 2 96
i2 0.000000 12.000000 22 1 2 96
i2 0.000000 12.000000 20 1 2 96
i2 0.000000 12.000000 19 1 2 96
i2 0.000000 12.000000 20 1 2 96
i2 0.000000 12.000000 19 1 2 96
i2 0.000000 12.000000 17 1 2 98
i2 0.000000 12.000000 18 1 2 98
i2 0.000000 12.000000 19 1 2 98
i2 0.000000 12.000000 20 1 2 98
i2 0.000000 12.000000 21 1 2 98
i2 0.000000 12.000000 21 1 2 98
i2 0.000000 12.000000 20 1 2 98
i2 0.000000 12.000000 19 1 2 98
i2 0.000000 12.000000 17 1 2 98
i2 0.000000 12.000000 16 1 2 98
i2 0.000000 12.000000 15 1 2 98
i2 0.000000 12.000000 14 1 2 98
i2 0.000000 12.000000 13 1 2 98
i2 0.000000 12.000000 12 1 2 98
i2 0.000000 12.000000 10 1 2 98
i2 0.000000 12.000000 9 1 2 98
i2 0.000000 12.000000 9 1 2 98
i2 0.000000 12.000000 11 1 2 98
i2 0.000000 12.000000 14 1 2 98
i2 0.000000 12.000000 18 1 2 98
i2 0.000000 12.000000 21 1 2 98
i2 0.000000 12.000000 22 1 2 98
i2 0.000000 12.000000 21 1 2 98
i2 0.000000 12.000000 19 1 2 98
i2 0.000000 12.000000 19 1 2 98
i2 0.000000 12.000000 19 1 2 98
i2 0.000000 12.000000 17 1 2 98
i2 0.000000 12.000000 16 1 2 101
i2 0.000000 12.000000 18 1 2 101
i2 0.000000 12.000000 19 1 2 101
i2 0.000000 12.000000 20 1 2 101
i2 0.000000 12.000000 20 1 2 101
i2 0.000000 12.000000 20 1 2 101
i2 0.000000 12.000000 20 1 2 101
i2 0.000000 12.000000 19 1 2 101
i2 0.000000 12.000000 18 1 2 101
i2 0.000000 12.000000 16 1 2 101
i2 0.000000 12.000000 15 1 2 101
i2 0.000000 12.000000 15 1 2 101
i2 0.000000 12.000000 14 1 2 101
i2 0.000000 12.000000 13 1 2 101
i2 0.000000 12.000000 11 1 2 101
i2 0.000000 12.000000 9 1 2 101
i2 0.000000 12.000000 10 1 2 101
i2 0.000000 12.000000 13 1 2 101
i2 0.000000 12.000000 17 1 2 101
i2 0.000000 12.000000 20 1 2 101
i2 0.000000 12.000000 21 1 2 101
i2 0.000000 12.000000 21 1 2 101
i2 0.000000 12.000000 20 1 2 101
i2 0.000000 12.000000 19 1 2 101
i2 0.000000 12.000000 18 1 2 101
i2 0.000000 12.000000 17 1 2 101
i2 0.000000 12.000000 17 1 2 103
i2 0.000000 12.000000 18 1 2 103
i2 0.000000 12.000000 19 1 2 103
i2 0.000000 12.000000 19 1 2 103
i2 0.000000 12.000000 19 1 2 103
i2 0.000000 12.000000 19 1 2 103
i2 0.000000 12.000000 19 1 2 103
i2 0.000000 12.000000 18 1 2 103
i2 0.000000 12.000000 17 1 2 103
i2 0.000000 12.000000 16 1 2 103
i2 0.000000 12.000000 15 1 2 103
i2 0.000000 12.000000 14 1 2 103
i2 0.000000 12.000000 13 1 2 103
i2 0.000000 12.000000 11 1 2 103
i2 0.000000 12.000000 10 1 2 103
i2 0.000000 12.000000 11 1 2 103
i2 0.000000 12.000000 15 1 2 103
i2 0.000000 12.000000 18 1 2 103
i2 0.000000 12.000000 20 1 2 103
i2 0.000000 12.000000 20 1 2 103
i2 0.000000 12.000000 19 1 2 103
i2 0.000000 12.000000 18 1 2 103
i2 0.000000 12.000000 17 1 2 103
i2 0.000000 12.000000 16 1 2 103
i2 0.000000 12.000000 17 1 2 105
i2 0.000000 12.000000 17 1 2 105
i2 0.000000 12.000000 17 1 2 105
i2 0.000000 12.000000 18 1 2 105
i2 0.000000 12.000000 18 1 2 105
i2 0.000000 12.000000 18 1 2 105
i2 0.000000 12.000000 18 1 2 105
i2 0.000000 12.000000 17 1 2 105
i2 0.000000 12.000000 17 1 2 105
i2 0.000000 12.000000 16 1 2 105
i2 0.000000 12.000000 15 1 2 105
i2 0.000000 12.000000 13 1 2 105
i2 0.000000 12.000000 12 1 2 105
i2 0.000000 12.000000 11 1 2 105
i2 0.000000 12.000000 11 1 2 105
i2 0.000000 12.000000 13 1 2 105
i2 0.000000 12.000000 17 1 2 105
i2 0.000000 12.000000 19 1 2 105
i2 0.000000 12.000000 20 1 2 105
i2 0.000000 12.000000 19 1 2 105
i2 0.000000 12.000000 17 1 2 105
i2 0.000000 12.000000 16 1 2 107
i2 0.000000 12.000000 16 1 2 107
i2 0.000000 12.000000 16 1 2 107
i2 0.000000 12.000000 16 1 2 107
i2 0.000000 12.000000 16 1 2 107
i2 0.000000 12.000000 15 1 2 107
i2 0.000000 12.000000 13 1 2 107
i2 0.000000 12.000000 12 1 2 107
i2 0.000000 12.000000 11 1 2 107
i2 0.000000 12.000000 11 1 2 107
i2 0.000000 12.000000 13 1 2 107
i2 0.000000 12.000000 15 1 2 107
i2 0.000000 12.000000 18 1 2 107
i2 0.000000 12.000000 19 1 2 107
i2 0.000000 12.000000 19 1 2 107
i2 0.000000 12.000000 17 1 2 107
i2 0.000000 12.000000 13 1 2 110
i2 0.000000 12.000000 11 1 2 110
i2 0.000000 12.000000 11 1 2 110
i2 0.000000 12.000000 11 1 2 110
i2 0.000000 12.000000 12 1 2 110
i2 0.000000 12.000000 14 1 2 110
i2 0.000000 12.000000 17 1 2 110
i2 0.000000 12.000000 18 1 2 110
i2 0.000000 12.000000 18 1 2 110
i2 0.000000 12.000000 17 1 2 110
i2 0.000000 12.000000 12 1 2 112
i2 0.000000 12.000000 11 1 2 112
i2 0.000000 12.000000 11 1 2 112
i2 0.000000 12.000000 12 1 2 112
i2 0.000000 12.000000 14 1 2 112
i2 0.000000 12.000000 16 1 2 112
i2 0.000000 12.000000 17 1 2 112
i2 0.000000 12.000000 17 1 2 112
i2 0.000000 12.000000 17 1 2 112
i2 0.000000 12.000000 16 1 2 112
i2 0.000000 12.000000 13 1 2 114
i2 0.000000 12.000000 12 1 2 114
i2 0.000000 12.000000 13 1 2 114
i2 0.000000 12.000000 15 1 2 114
i2 0.000000 12.000000 16 1 2 114
i2 0.000000 12.000000 16 1 2 114
i2 0.000000 12.000000 17 1 2 114
i2 0.000000 12.000000 18 1 2 114
i2 0.000000 12.000000 17 1 2 114
i2 0.000000 12.000000 14 1 2 116
i2 0.000000 12.000000 14 1 2 116
i2 0.000000 12.000000 15 1 2 116
i2 0.000000 12.000000 16 1 2 116
i2 0.000000 12.000000 16 1 2 116
i2 0.000000 12.000000 16 1 2 116
i2 0.000000 12.000000 17 1 2 116
i2 0.000000 12.000000 18 1 2 116
i2 0.000000 12.000000 18 1 2 116
i2 0.000000 12.000000 15 1 2 119
i2 0.000000 12.000000 16 1 2 119
i2 0.000000 12.000000 17 1 2 119
i2 0.000000 12.000000 18 1 2 119
i2 0.000000 12.000000 17 1 2 119
i2 0.000000 12.000000 16 1 2 119
i2 0.000000 12.000000 17 1 2 119
i2 0.000000 12.000000 17 1 2 119
i2 0.000000 12.000000 16 1 2 119
i2 0.000000 12.000000 17 1 2 121
i2 0.000000 12.000000 18 1 2 121
i2 0.000000 12.000000 19 1 2 121
i2 0.000000 12.000000 18 1 2 121
i2 0.000000 12.000000 17 1 2 121
i2 0.000000 12.000000 17 1 2 121
i2 0.000000 12.000000 16 1 2 121
i2 0.000000 12.000000 17 1 2 123
i2 0.000000 12.000000 18 1 2 123
i2 0.000000 12.000000 19 1 2 123
i2 0.000000 12.000000 18 1 2 123
i2 0.000000 12.000000 16 1 2 123
i2 0.000000 12.000000 17 1 2 125
i2 0.000000 12.000000 18 1 2 125
i2 0.000000 12.000000 17 1 2 125

</CsScore>
</CsoundSynthesizer>
