f1 0 4097 10 1 

f2 0 16 -2 40 40 80 160 320 640 1280 2560 5120 10240 10240

f60 0 4097 -10 478 1277 2340 4533 2413 873 682 532 332 364 188 258 256 114 80 68 36
f61 0 4097 -10 414 906 831 507 268 36
f62 0 4097 -10 74 50 68 156 50 48 52 66 

f63 0 4097 -10 677 2663 4420 1597 1236 780 581 325 415 201 212 202 156 26 
f64 0 4097 -10 648 1635 828 149 89 41  
f65 0 4097 -10 1419 3414 901 503 204 146 

f66 0 4097 -10 1722 14359 5103 1398 2062 696 652 266 264 176 164 75  
f67 0 4097 -10 1237 2287 237 72 
f68 0 4097 -10 2345 7796 1182 266 255 193 85 

f69 0 4097 -10 9834 16064 2259 1625 1353 344 356 621 195 155 77 98
f70 0 4097 -10 377 193 41
f71 0 4097 -10 8905 10946 1180 1013 506 125 48

f72 0 4097 -10 16460 4337 1419 1255 43 205 81 73 60 38 
f73 0 4097 -10 16569 5563 1838 1852 134 340 129 159 162 99 
f74 0 4097 -10 10383 4175 858 502 241 165 

f75 0 4097 -10 15341 5092 1554 640 101  
f76 0 4097 -10 16995 6133 1950 788 136  
f77 0 4097 -10 22560 9285 4691 1837 342 294 307 222 288 103 

f78 0 4097 -10 19417 5904 1666 913 266 55 81 46  
f79 0 4097 -10 11940 1211 111 38
f80 0 4097 -10 25132 6780 2886 1949 507 505 466 488 336 121 

; f tables for french horn